1 0 1106.4849853515625 964.2780151367188 3.3431854248046875 0.0 1.0 3.5 0.0 0.0 0.0 0.43247175216674805
2 0 1105.198974609375 964.0189819335938 3.3411853313446045 0.0 1.0 3.5 0.0 0.0 0.0 0.44437623023986816
3 0 1103.916015625 963.7639770507812 3.3371853828430176 0.0 1.0 3.5 0.0 0.0 0.0 0.4611533284187317
4 0 1102.635009765625 963.5150146484375 3.3341853618621826 0.0 1.0 3.5 0.0 0.0 0.0 0.4855465590953827
5 0 1101.3570556640625 963.27197265625 3.3301854133605957 0.0 1.0 3.5 0.0 0.0 0.0 0.4782857298851013
6 0 1100.08203125 963.0349731445312 3.3261852264404297 0.0 1.0 3.5 0.0 0.0 0.0 0.47882333397865295
7 0 1098.81005859375 962.8049926757812 3.321185350418091 0.0 1.0 3.5 0.0 0.0 0.0 0.48478320240974426
8 0 1097.541015625 962.5809936523438 3.317185401916504 0.0 1.0 3.5 0.0 0.0 0.0 0.4618750214576721
9 0 1096.2760009765625 962.364013671875 3.312185287475586 0.0 1.0 3.5 0.0 0.0 0.0 0.5065370202064514
10 0 1095.0150146484375 962.1539916992188 3.307185411453247 0.0 1.0 3.5 0.0 0.0 0.0 0.4253319203853607
11 0 1093.759033203125 961.9509887695312 3.302185297012329 0.0 1.0 3.5 0.0 0.0 0.0 0.39168670773506165
12 0 1092.509033203125 961.7550048828125 3.2971854209899902 0.0 1.0 3.5 0.0 0.0 0.0 0.3912263512611389
13 0 1091.2650146484375 961.5659790039062 3.293185234069824 0.0 1.0 3.5 0.0 0.0 0.0 0.3232559263706207
14 0 1090.0269775390625 961.385009765625 3.2881853580474854 0.0 1.0 3.5 0.0 0.0 0.0 0.2708035707473755
15 0 1088.7960205078125 961.2100219726562 3.2831852436065674 0.0 1.0 3.5 0.0 0.0 0.0 0.22435717284679413
16 0 1087.573974609375 961.0430297851562 3.2781853675842285 0.0 1.0 3.5 0.0 0.0 0.0 0.18053826689720154
17 0 1086.3590087890625 960.8829956054688 3.2731852531433105 0.0 1.0 3.5 0.0 0.0 0.0 0.1229909211397171
18 0 1085.1529541015625 960.7310180664062 3.2681853771209717 0.0 1.0 3.5 0.0 0.0 0.0 0.08218172937631607
19 0 1083.9560546875 960.5859985351562 3.2631852626800537 0.0 1.0 3.5 0.0 0.0 0.0 0.010375835932791233
20 0 1082.7679443359375 960.448974609375 3.258185386657715 0.0 1.0 3.5 0.0 0.0 0.0 0.05121305212378502
21 0 1081.5889892578125 960.3189697265625 3.252185344696045 0.0 1.0 3.5 0.0 0.0 0.0 0.1378464698791504
22 0 1080.4200439453125 960.1959838867188 3.247185230255127 0.0 1.0 3.5 0.0 0.0 0.0 0.20789647102355957
23 0 1079.260009765625 960.0809936523438 3.242185354232788 0.0 1.0 3.5 0.0 0.0 0.0 0.3155539631843567
24 0 1078.1099853515625 959.9730224609375 3.236185312271118 0.0 1.0 3.5 0.0 0.0 0.0 0.4412606358528137
25 0 1076.968994140625 959.8729858398438 3.2301852703094482 0.0 1.0 3.5 0.0 0.0 0.0 0.585789680480957
26 0 1075.8380126953125 959.781005859375 3.2251853942871094 0.0 1.0 3.5 0.0 0.0 0.0 0.7485101222991943
27 0 1074.7159423828125 959.6950073242188 3.2191853523254395 0.0 1.0 3.5 0.0 0.0 0.0 0.9272739887237549
28 0 1073.60302734375 959.6179809570312 3.2131853103637695 0.0 1.0 3.5 0.0 0.0 0.0 1.1245818138122559
29 0 1072.498046875 959.5469970703125 3.2071852684020996 0.0 1.0 3.5 0.0 0.0 0.0 1.340520977973938
30 0 1071.4019775390625 959.4849853515625 3.2001852989196777 0.0 1.0 3.5 0.0 0.0 0.0 1.5395894050598145
31 0 1070.31494140625 959.4299926757812 3.194185256958008 0.0 1.0 3.5 0.0 0.0 0.0 1.717252492904663
32 0 1069.2349853515625 959.3820190429688 3.187185287475586 0.0 1.0 3.5 0.0 0.0 0.0 1.8671925067901611
33 0 1068.1639404296875 959.343017578125 3.180185317993164 0.0 1.0 3.5 0.0 0.0 0.0 1.9914344549179077
34 0 1067.1009521484375 959.31201171875 3.173185348510742 0.0 1.0 3.5 0.0 0.0 0.0 2.0896875858306885
35 0 1066.0450439453125 959.2880249023438 3.1661853790283203 0.0 1.0 3.5 0.0 0.0 0.0 2.161576509475708
36 0 1064.998046875 959.2739868164062 3.1581852436065674 0.0 1.0 3.5 0.0 0.0 0.0 2.210510015487671
37 0 1063.958984375 959.2670288085938 3.1511852741241455 0.0 1.0 3.5 0.0 0.0 0.0 2.23598313331604
38 0 1062.927978515625 959.2689819335938 3.1431853771209717 0.0 1.0 3.5 0.0 0.0 0.0 2.236091136932373
39 0 1061.906005859375 959.280029296875 3.134999990463257 0.0 1.0 3.5 0.0 0.0 0.0 2.2150769233703613
40 0 1060.8919677734375 959.2979736328125 3.125999927520752 0.0 1.0 3.5 0.0 0.0 0.0 2.3217451572418213
41 0 1059.886962890625 959.3259887695312 3.118000030517578 0.0 1.0 3.5 0.0 0.0 0.0 2.80991268157959
42 0 1058.8909912109375 959.3610229492188 3.109999895095825 0.0 1.0 3.5 0.0 0.0 0.0 3.5221972465515137
43 0 1057.905029296875 959.4039916992188 3.1019999980926514 0.0 1.0 3.5 0.0 0.0 0.0 4.343534469604492
44 0 1056.927978515625 959.4539794921875 3.0940001010894775 0.0 1.0 3.5 0.0 0.0 0.0 5.217691421508789
45 0 1055.9610595703125 959.5120239257812 3.0859999656677246 0.0 1.0 3.5 0.0 0.0 0.0 6.117425441741943
46 0 1055.0040283203125 959.5759887695312 3.078000068664551 0.0 1.0 3.5 0.0 0.0 0.0 7.028287887573242
47 0 1054.0570068359375 959.64599609375 3.071000099182129 0.0 1.0 3.5 0.0 0.0 0.0 7.942984104156494
48 0 1053.1209716796875 959.7210083007812 3.065000057220459 0.0 1.0 3.5 0.0 0.0 0.0 8.856009483337402
49 0 1052.1949462890625 959.801025390625 3.058000087738037 0.0 1.0 3.5 0.0 0.0 0.0 9.765745162963867
50 0 1051.280029296875 959.885986328125 3.052999973297119 0.0 1.0 4.0 2.0 0.0 0.0 10.077974319458008
51 0 1050.375 959.9739990234375 3.046999931335449 0.0 1.0 4.0 2.0 0.0 0.0 10.084733963012695
52 0 1049.48095703125 960.0659790039062 3.0420000553131104 0.0 1.0 4.0 2.0 0.0 0.0 10.091958999633789
53 0 1048.5980224609375 960.1610107421875 3.0369999408721924 0.0 1.0 4.0 2.0 0.0 0.0 10.10243034362793
54 0 1047.7239990234375 960.2589721679688 3.0329999923706055 0.0 1.0 4.0 2.0 0.0 0.0 10.111730575561523
55 0 1046.8609619140625 960.3590087890625 3.0290000438690186 0.0 1.0 4.0 2.0 0.0 0.0 10.122492790222168
56 0 1046.0069580078125 960.4609985351562 3.0250000953674316 0.0 1.0 4.0 2.0 0.0 0.0 10.132922172546387
57 0 1045.1619873046875 960.5659790039062 3.0209999084472656 0.0 1.0 4.0 2.0 0.0 0.0 10.145262718200684
58 0 1044.3280029296875 960.6729736328125 3.0169999599456787 0.0 1.0 4.0 2.0 0.0 0.0 10.159754753112793
59 0 1043.501953125 960.781005859375 3.013000011444092 0.0 1.0 4.0 2.0 0.0 0.0 10.170778274536133
60 0 1042.68603515625 960.8909912109375 3.009999990463257 0.0 1.0 4.0 2.0 0.0 0.0 10.183537483215332
61 0 1041.8790283203125 961.0029907226562 3.00600004196167 0.0 1.0 4.0 2.0 0.0 0.0 10.197986602783203
62 0 1041.0810546875 961.1170043945312 3.003000020980835 0.0 1.0 4.0 2.0 0.0 0.0 10.21178150177002
63 0 1040.29296875 961.2319946289062 3.0 0.0 1.0 4.0 2.0 0.0 0.0 10.226408004760742
64 0 1039.512939453125 961.3480224609375 2.996000051498413 0.0 1.0 4.0 2.0 0.0 0.0 10.240254402160645
65 0 1038.7430419921875 961.4650268554688 2.993000030517578 0.0 1.0 4.0 2.0 0.0 0.0 10.254880905151367
66 0 1037.9820556640625 961.5830078125 2.990000009536743 0.0 1.0 4.0 2.0 0.0 0.0 10.27033805847168
67 0 1037.22900390625 961.7009887695312 2.98799991607666 0.0 1.0 4.0 2.0 0.0 0.0 10.284026145935059
68 0 1036.4849853515625 961.8200073242188 2.984999895095825 0.0 1.0 4.0 2.0 0.0 0.0 10.295686721801758
69 0 1035.7490234375 961.9400024414062 2.9830000400543213 0.0 1.0 4.0 2.0 0.0 0.0 10.309465408325195
70 0 1035.02099609375 962.0599975585938 2.9800000190734863 0.0 1.0 4.0 2.0 0.0 0.0 10.322565078735352
71 0 1034.301025390625 962.1799926757812 2.9779999256134033 0.0 1.0 4.0 2.0 0.0 0.0 10.334304809570312
72 0 1033.5870361328125 962.301025390625 2.9760000705718994 0.0 1.0 4.0 2.0 0.0 0.0 10.34645938873291
73 0 1032.8790283203125 962.4210205078125 2.9739999771118164 0.0 1.0 4.0 2.0 0.0 0.0 10.356986045837402
74 0 1032.177001953125 962.5419921875 2.9730000495910645 0.0 1.0 4.0 2.0 0.0 0.0 10.36683464050293
75 0 1031.48095703125 962.6630249023438 2.9709999561309814 0.0 1.0 4.0 2.0 0.0 0.0 10.376289367675781
76 0 1030.791015625 962.7839965820312 2.9690001010894775 0.0 1.0 4.0 2.0 0.0 0.0 10.385211944580078
77 0 1030.10498046875 962.906005859375 2.9679999351501465 0.0 1.0 4.0 2.0 0.0 0.0 10.393310546875
78 0 1029.4239501953125 963.0280151367188 2.9660000801086426 0.0 1.0 4.0 2.0 0.0 0.0 10.40101146697998
79 0 1028.748046875 963.1500244140625 2.9649999141693115 0.0 1.0 4.0 2.0 0.0 0.0 10.407925605773926
80 0 1028.0770263671875 963.27197265625 2.9630000591278076 0.0 1.0 4.0 2.0 0.0 0.0 10.413521766662598
81 0 1027.4110107421875 963.39501953125 2.9609999656677246 0.0 1.0 4.0 2.0 0.0 0.0 10.419853210449219
82 0 1026.7509765625 963.5180053710938 2.9590001106262207 0.0 1.0 4.0 2.0 0.0 0.0 10.426080703735352
83 0 1026.095947265625 963.6409912109375 2.9570000171661377 0.0 1.0 4.0 2.0 0.0 0.0 10.430386543273926
84 0 1025.447021484375 963.7650146484375 2.9549999237060547 0.0 1.0 4.0 2.0 0.0 0.0 10.435837745666504
85 0 1024.803955078125 963.8889770507812 2.953000068664551 0.0 1.0 4.0 2.0 0.0 0.0 10.440129280090332
86 0 1024.1669921875 964.0139770507812 2.9509999752044678 0.0 1.0 4.0 2.0 0.0 0.0 10.445613861083984
87 0 1023.5369873046875 964.1380004882812 2.9489998817443848 0.0 1.0 4.0 2.0 0.0 0.0 10.44997501373291
88 0 1022.9119873046875 964.2630004882812 2.947000026702881 0.0 1.0 4.0 2.0 0.0 0.0 10.455239295959473
89 0 1022.2940063476562 964.3889770507812 2.944999933242798 0.0 1.0 4.0 2.0 0.0 0.0 10.460603713989258
90 0 1021.6820068359375 964.5139770507812 2.941999912261963 0.0 1.0 4.0 2.0 0.0 0.0 10.464354515075684
91 0 1021.0759887695312 964.6400146484375 2.940000057220459 0.0 1.0 4.0 2.0 0.0 0.0 10.46960735321045
92 0 1020.4749755859375 964.7650146484375 2.937999963760376 0.0 1.0 4.0 2.0 0.0 0.0 10.473938941955566
93 0 1019.8790283203125 964.8909912109375 2.936000108718872 0.0 1.0 4.0 2.0 0.0 0.0 10.477643966674805
94 0 1019.2880249023438 965.0170288085938 2.934000015258789 0.0 1.0 4.0 2.0 0.0 0.0 10.482004165649414
95 0 1018.7009887695312 965.1430053710938 2.933000087738037 0.0 1.0 4.0 2.0 0.0 0.0 10.486451148986816
96 0 1018.1170043945312 965.2680053710938 2.930999994277954 0.0 1.0 4.0 2.0 0.0 0.0 10.487808227539062
97 0 1017.5369873046875 965.3939819335938 2.930000066757202 0.0 1.0 4.0 2.0 0.0 0.0 10.489730834960938
98 0 1016.958984375 965.52001953125 2.928999900817871 0.0 1.0 4.0 2.0 0.0 0.0 10.493062973022461
99 0 1016.3839721679688 965.64501953125 2.927999973297119 0.0 1.0 4.0 2.0 0.0 0.0 10.491559982299805
100 0 1015.8109741210938 965.77099609375 2.927000045776367 0.0 1.0 4.0 2.0 0.0 0.0 10.491847038269043
101 0 1015.239013671875 965.89599609375 2.927000045776367 0.0 1.0 4.0 2.0 0.0 0.0 10.490903854370117
102 0 1014.6690063476562 966.02099609375 2.9260001182556152 0.0 1.0 4.0 2.0 0.0 0.0 10.487518310546875
103 0 1014.0999755859375 966.14599609375 2.9260001182556152 0.0 1.0 4.0 2.0 0.0 0.0 10.484243392944336
104 0 1013.531982421875 966.27197265625 2.924999952316284 0.0 1.0 4.0 2.0 0.0 0.0 10.480968475341797
105 0 1012.9650268554688 966.39697265625 2.924999952316284 0.0 1.0 4.0 2.0 0.0 0.0 10.47538948059082
106 0 1012.3980102539062 966.52197265625 2.924999952316284 0.0 1.0 4.0 2.0 0.0 0.0 10.468257904052734
107 0 1011.8319702148438 966.64697265625 2.924999952316284 0.0 1.0 4.0 2.0 0.0 0.0 10.46130084991455
108 0 1011.2659912109375 966.77197265625 2.9240000247955322 0.0 1.0 4.0 2.0 0.0 0.0 10.451765060424805
109 0 1010.7009887695312 966.89697265625 2.9240000247955322 0.0 1.0 4.0 2.0 0.0 0.0 10.443547248840332
110 0 1010.135986328125 967.02197265625 2.9240000247955322 0.0 1.0 4.0 2.0 0.0 0.0 10.430981636047363
111 0 1009.5700073242188 967.1480102539062 2.9230000972747803 0.0 1.0 4.0 2.0 0.0 0.0 10.422781944274902
112 0 1009.0050048828125 967.2739868164062 2.9230000972747803 0.0 1.0 4.0 2.0 0.0 0.0 10.440706253051758
113 0 1008.4400024414062 967.4000244140625 2.9230000972747803 0.0 1.0 4.0 2.0 0.0 0.0 10.490592002868652
114 0 1007.875 967.5269775390625 2.921999931335449 0.0 1.0 4.0 2.0 0.0 0.0 10.57298469543457
115 0 1007.3099975585938 967.6530151367188 2.921999931335449 0.0 1.0 4.0 2.0 0.0 0.0 10.685168266296387
116 0 1006.7449951171875 967.780029296875 2.9210000038146973 0.0 1.0 4.0 2.0 0.0 0.0 10.828179359436035
