1 0 -7.285940170288086 14.77214527130127 0.012856788001954556 0.0 1.0 3.0 0.0 0.0 0.0 1.5970715284347534
2 0 -7.285812854766846 14.771341323852539 0.012885532341897488 0.0 1.0 3.0 0.0 0.0 0.0 1.5976489782333374
3 0 -7.286552906036377 14.770824432373047 0.01291897613555193 0.0 1.0 3.0 0.0 0.0 0.0 1.5985013246536255
4 0 -7.287940502166748 14.770957946777344 0.012953169643878937 0.0 1.0 3.0 0.0 0.0 0.0 1.5992053747177124
5 0 -7.289186000823975 14.771079063415527 0.012986784800887108 0.0 1.0 3.0 0.0 0.0 0.0 1.5998376607894897
6 0 -7.28985071182251 14.7706298828125 0.01302318274974823 0.0 1.0 3.0 0.0 0.0 0.0 1.6005913019180298
7 0 -7.2913947105407715 14.7698392868042 0.013065678998827934 0.0 1.0 3.0 0.0 0.0 0.0 1.6021379232406616
8 0 -7.294084548950195 14.768172264099121 0.013120811432600021 0.0 1.0 3.0 0.0 0.0 0.0 1.6050671339035034
9 0 -7.297326564788818 14.766597747802734 0.013189101591706276 0.0 1.0 3.0 0.0 0.0 0.0 1.6082470417022705
10 0 -7.299670219421387 14.76541519165039 0.013265816494822502 0.0 1.0 3.0 0.0 0.0 0.0 1.6105831861495972
11 0 -7.302304744720459 14.764209747314453 0.013353504240512848 0.0 1.0 3.0 0.0 0.0 0.0 1.613109827041626
12 0 -7.303792476654053 14.76335334777832 0.013445924036204815 0.0 1.0 3.0 0.0 0.0 0.0 1.6146795749664307
13 0 -7.303642749786377 14.763334274291992 0.013536607846617699 0.0 1.0 3.0 0.0 0.0 0.0 1.614606499671936
14 0 -7.304006576538086 14.764820098876953 0.01362758968025446 0.0 1.0 3.0 0.0 0.0 0.0 1.6136221885681152
15 0 -7.304610729217529 14.766090393066406 0.013712494634091854 0.0 1.0 3.0 0.0 0.0 0.0 1.61295485496521
16 0 -7.305108547210693 14.766789436340332 0.013793828897178173 0.0 1.0 3.0 0.0 0.0 0.0 1.6126857995986938
17 0 -7.3053388595581055 14.767854690551758 0.013869213871657848 0.0 1.0 3.0 0.0 0.0 0.0 1.611963152885437
18 0 -7.305137634277344 14.769902229309082 0.013931585475802422 0.0 1.0 3.0 0.0 0.0 0.0 1.6101948022842407
19 0 -7.304510116577148 14.771345138549805 0.013986214064061642 0.0 1.0 3.0 0.0 0.0 0.0 1.6086606979370117
20 0 -7.303393840789795 14.773354530334473 0.014027956873178482 0.0 1.0 3.0 0.0 0.0 0.0 1.6063804626464844
21 0 -7.303329944610596 14.77475643157959 0.014065717346966267 0.0 1.0 3.0 0.0 0.0 0.0 1.6052147150039673
22 0 -7.302671909332275 14.775123596191406 0.01409904658794403 0.0 1.0 3.0 0.0 0.0 0.0 1.6045279502868652
23 0 -7.302188873291016 14.775121688842773 0.014133826829493046 0.0 1.0 3.0 0.0 0.0 0.0 1.6042430400848389
24 0 -7.301756858825684 14.775077819824219 0.014169778674840927 0.0 1.0 3.0 0.0 0.0 0.0 1.6040223836898804
25 0 -7.300998687744141 14.77484130859375 0.014207839965820312 0.0 1.0 3.0 0.0 0.0 0.0 1.6037636995315552
26 0 -7.300313472747803 14.77624225616455 0.014237532392144203 0.0 1.0 3.0 0.0 0.0 0.0 1.6022292375564575
27 0 -7.300637722015381 14.778200149536133 0.014257045462727547 0.0 1.0 3.0 0.0 0.0 0.0 1.6008449792861938
28 0 -7.299739837646484 14.779982566833496 0.014261738397181034 0.0 1.0 3.0 0.0 0.0 0.0 1.598877191543579
29 0 -7.298619747161865 14.781039237976074 0.01426075678318739 0.0 1.0 3.0 0.0 0.0 0.0 1.5973622798919678
30 0 -7.296924114227295 14.78144359588623 0.014257455244660378 0.0 1.0 3.0 0.0 0.0 0.0 1.5960304737091064
31 0 -7.2958221435546875 14.78093147277832 0.014257602393627167 0.0 1.0 3.0 0.0 0.0 0.0 1.5957907438278198
32 0 -7.293622970581055 14.779913902282715 0.014265810139477253 0.0 1.0 3.0 0.0 0.0 0.0 1.5953094959259033
33 0 -7.292269229888916 14.779001235961914 0.014279233291745186 0.0 1.0 3.0 0.0 0.0 0.0 1.5952465534210205
34 0 -7.290616989135742 14.778860092163086 0.014294582419097424 0.0 1.0 3.0 0.0 0.0 0.0 1.5943858623504639
35 0 -7.288350582122803 14.779743194580078 0.014303989708423615 0.0 1.0 3.0 0.0 0.0 0.0 1.5923371315002441
36 0 -7.286766052246094 14.779898643493652 0.01431312132626772 0.0 1.0 3.0 0.0 0.0 0.0 1.591278314590454
37 0 -7.285574913024902 14.78028392791748 0.014320154674351215 0.0 1.0 3.0 0.0 0.0 0.0 1.5902665853500366
38 0 -7.285816192626953 14.781250953674316 0.014321472495794296 0.0 1.0 3.0 0.0 0.0 0.0 1.5896261930465698
39 0 -7.285987377166748 14.783106803894043 0.014310548081994057 0.0 1.0 3.0 0.0 0.0 0.0 1.588226556777954
40 0 -7.285536766052246 14.78564167022705 0.014281111769378185 0.0 1.0 3.0 0.0 0.0 0.0 1.5859129428863525
41 0 -7.283783912658691 14.78723430633545 0.01424076221883297 0.0 1.0 3.0 0.0 0.0 0.0 1.5835936069488525
42 0 -7.28217077255249 14.787471771240234 0.01419882569462061 0.0 1.0 3.0 0.0 0.0 0.0 1.582451343536377
43 0 -7.279953479766846 14.787858009338379 0.014154610224068165 0.0 1.0 3.0 0.0 0.0 0.0 1.5808348655700684
44 0 -7.278452396392822 14.788236618041992 0.01410730741918087 0.0 1.0 3.0 0.0 0.0 0.0 1.579646110534668
