1 0 1030.5069580078125 1003.3070068359375 6.282185077667236 0.0 1.0 6.0975871086120605 0.0 0.0 0.0 1.0370330810546875
1 1 1032.1600341796875 1012.06298828125 2.6010000705718994 0.0 1.0 6.0975871086120605 0.0 0.0 0.0 5.20186185836792
1 2 1026.5670166015625 987.0869750976562 1.7269999980926514 0.0 1.0 3.5 0.0 0.0 0.0 3.948662281036377
1 3 999.739013671875 1004.072998046875 6.262185096740723 0.0 1.0 7.802781581878662 0.0 0.0 0.0 0.7138849496841431
1 4 995.4000244140625 1001.1959838867188 6.244185447692871 0.0 1.0 7.376197338104248 0.0 0.0 0.0 2.434278726577759
2 0 1031.4990234375 1003.3070068359375 0.0 0.0 1.0 6.0975871086120605 0.0 0.0 0.0 1.2703427076339722
2 1 1031.7020263671875 1012.3740234375 2.5810000896453857 0.0 1.0 6.0975871086120605 0.0 0.0 0.0 5.33245325088501
2 2 1026.572021484375 987.0590209960938 1.7269999980926514 0.0 1.0 3.5 0.0 0.0 0.0 3.97548508644104
2 3 999.927001953125 1004.0700073242188 6.262185096740723 0.0 1.0 7.802781581878662 0.0 0.0 0.0 0.7265955805778503
2 4 995.906982421875 1001.177001953125 6.244185447692871 0.0 1.0 7.376197338104248 0.0 0.0 0.0 1.9302172660827637
3 0 1032.501953125 1003.3090209960938 0.0010000000474974513 0.0 1.0 8.790492057800293 0.0 0.0 0.0 0.7272803783416748
3 1 1031.241943359375 1012.7000122070312 2.559000015258789 0.0 1.0 6.0975871086120605 0.0 0.0 0.0 5.462496280670166
3 2 1026.5780029296875 987.0230102539062 1.7259999513626099 0.0 1.0 3.5 0.0 0.0 0.0 4.009794235229492
3 3 1000.1060180664062 1004.0670166015625 6.263185501098633 0.0 1.0 7.802781581878662 0.0 0.0 0.0 0.7071022391319275
3 4 996.3790283203125 1001.1599731445312 6.245185375213623 0.0 1.0 7.376197338104248 0.0 0.0 0.0 1.4629111289978027
4 0 1033.5159912109375 1003.31201171875 0.003000000026077032 0.0 1.0 8.790492057800293 0.0 0.0 0.0 0.11758759617805481
4 1 1030.780029296875 1013.0430297851562 2.5369999408721924 0.0 1.0 6.0975871086120605 0.0 0.0 0.0 5.549923896789551
4 2 1026.5849609375 986.9819946289062 1.7259999513626099 0.0 1.0 3.5 0.0 0.0 0.0 4.048996925354004
4 3 1000.2780151367188 1004.0640258789062 6.263185501098633 0.0 1.0 7.802781581878662 0.0 0.0 0.0 0.7053397297859192
4 4 996.8170166015625 1001.1439819335938 6.245185375213623 0.0 1.0 7.376197338104248 0.0 0.0 0.0 1.0333867073059082
5 0 1034.541015625 1003.3170166015625 0.004000000189989805 0.0 1.0 8.790492057800293 0.0 0.0 0.0 0.438494473695755
5 1 1030.3179931640625 1013.4030151367188 2.515000104904175 0.0 1.0 6.0975871086120605 0.0 0.0 0.0 5.555547714233398
5 2 1026.592041015625 986.93701171875 1.7259999513626099 0.0 1.0 3.5 0.0 0.0 0.0 4.091748237609863
5 3 1000.4450073242188 1004.0609741210938 6.263185501098633 0.0 1.0 7.802781581878662 0.0 0.0 0.0 0.7316649556159973
5 4 997.218994140625 1001.1290283203125 6.246185302734375 0.0 1.0 7.376197338104248 0.0 0.0 0.0 0.6496661305427551
6 0 1035.573974609375 1003.323974609375 0.006000000052154064 0.0 1.0 8.790492057800293 0.0 0.0 0.0 0.9284197092056274
6 1 1029.8580322265625 1013.7780151367188 2.490999937057495 0.0 1.0 6.0975871086120605 0.0 0.0 0.0 5.472148895263672
6 2 1026.5989990234375 986.8900146484375 1.7259999513626099 0.0 1.0 3.5 0.0 0.0 0.0 4.1363139152526855
6 3 1000.6110229492188 1004.0579833984375 6.264185428619385 0.0 1.0 7.802781581878662 0.0 0.0 0.0 0.6985124349594116
6 4 997.5880126953125 1001.1160278320312 6.246185302734375 0.0 1.0 7.376197338104248 0.0 0.0 0.0 0.33732980489730835
7 0 1036.6180419921875 1003.3330078125 0.00800000037997961 0.0 1.0 8.790492057800293 0.0 0.0 0.0 1.340454339981079
7 1 1029.4000244140625 1014.1699829101562 2.4679999351501465 0.0 1.0 6.0975871086120605 0.0 0.0 0.0 5.304107666015625
7 2 1026.6070556640625 986.843994140625 1.7259999513626099 0.0 1.0 3.5 0.0 0.0 0.0 4.180541515350342
7 3 1000.7780151367188 1004.0549926757812 6.264185428619385 0.0 1.0 7.802781581878662 0.0 0.0 0.0 0.7002103924751282
7 4 997.9229736328125 1001.10400390625 6.246185302734375 0.0 1.0 7.376197338104248 0.0 0.0 0.0 0.24431851506233215
8 0 1037.6700439453125 1003.344970703125 0.009999999776482582 0.0 1.0 8.790492057800293 0.0 0.0 0.0 1.6612451076507568
8 1 1028.9449462890625 1014.5780029296875 2.444000005722046 0.0 1.0 6.0975871086120605 0.0 0.0 0.0 5.058727264404297
8 2 1026.614013671875 986.7999877929688 1.7259999513626099 0.0 1.0 3.5 0.0 0.0 0.0 4.2225871086120605
8 3 1000.948974609375 1004.052001953125 6.264185428619385 0.0 1.0 7.802781581878662 0.0 0.0 0.0 0.6927394270896912
8 4 998.2269897460938 1001.093017578125 6.246185302734375 0.0 1.0 7.376197338104248 0.0 0.0 0.0 0.2439580112695694
9 0 1038.73095703125 1003.3590087890625 0.012000000104308128 0.0 1.0 8.790492057800293 0.0 0.0 0.0 1.8792082071304321
9 1 1028.4959716796875 1015.0020141601562 2.4200000762939453 0.0 1.0 6.0975871086120605 0.0 0.0 0.0 4.747227191925049
9 2 1026.6199951171875 986.7589721679688 1.7259999513626099 0.0 1.0 3.5 0.0 0.0 0.0 4.261566162109375
9 3 1001.1259765625 1004.0490112304688 6.264185428619385 0.0 1.0 7.802781581878662 0.0 0.0 0.0 0.6895744204521179
9 4 998.4990234375 1001.0830078125 6.246185302734375 0.0 1.0 7.376197338104248 0.0 0.0 0.0 0.24085809290409088
10 0 1039.801025390625 1003.3759765625 0.014999999664723873 0.0 1.0 8.790492057800293 0.0 0.0 0.0 1.9863691329956055
10 1 1028.052001953125 1015.4420166015625 2.3949999809265137 0.0 1.0 6.0975871086120605 0.0 0.0 0.0 4.380667209625244
10 2 1026.6259765625 986.7239990234375 1.725000023841858 0.0 1.0 3.5 0.0 0.0 0.0 4.2952880859375
10 3 1001.3109741210938 1004.0460205078125 6.264185428619385 0.0 1.0 7.802781581878662 0.0 0.0 0.0 0.702366292476654
10 4 998.7410278320312 1001.073974609375 6.246185302734375 0.0 1.0 7.376197338104248 0.0 0.0 0.0 0.23680374026298523
11 0 1040.8790283203125 1003.39599609375 0.017999999225139618 0.0 1.0 6.288595676422119 0.0 0.0 0.0 1.9715547561645508
11 1 1027.615966796875 1015.89599609375 2.36899995803833 0.0 1.0 6.0975871086120605 0.0 0.0 0.0 3.9922001361846924
11 2 1026.6309814453125 986.6939697265625 1.725000023841858 0.0 1.0 3.5 0.0 0.0 0.0 4.324148654937744
11 3 1001.5070190429688 1004.0430297851562 6.265185356140137 0.0 1.0 7.802781581878662 0.0 0.0 0.0 0.6823041439056396
11 4 998.9550170898438 1001.0659790039062 6.246185302734375 0.0 1.0 7.376197338104248 0.0 0.0 0.0 0.22973959147930145
12 0 1041.9639892578125 1003.4190063476562 0.020999999716877937 0.0 1.0 6.288595676422119 0.0 0.0 0.0 1.9010828733444214
12 1 1027.18896484375 1016.364990234375 2.3440001010894775 0.0 1.0 6.0975871086120605 0.0 0.0 0.0 3.676518201828003
12 2 1026.633056640625 986.6799926757812 1.725000023841858 0.0 1.0 3.5 0.0 0.0 0.0 4.337469100952148
12 3 1001.7139892578125 1004.0399780273438 6.265185356140137 0.0 1.0 7.802781581878662 0.0 0.0 0.0 0.6841565370559692
12 4 999.1430053710938 1001.0579833984375 6.246185302734375 0.0 1.0 7.376197338104248 0.0 0.0 0.0 0.21982330083847046
13 0 1043.0579833984375 1003.447021484375 0.024000000208616257 0.0 1.0 6.288595676422119 0.0 0.0 0.0 1.8298664093017578
13 1 1026.77197265625 1016.8480224609375 2.318000078201294 0.0 1.0 6.0975871086120605 0.0 0.0 0.0 3.4648733139038086
13 2 1026.633056640625 986.6799926757812 1.7259999513626099 0.0 1.0 3.5 0.0 0.0 0.0 4.337469100952148
13 3 1001.9349975585938 1004.0360107421875 6.265185356140137 0.0 1.0 7.802781581878662 0.0 0.0 0.0 0.6743967533111572
13 4 999.3060302734375 1001.052001953125 6.246185302734375 0.0 1.0 7.376197338104248 0.0 0.0 0.0 0.21029888093471527
14 0 1044.157958984375 1003.47802734375 0.02800000086426735 0.0 1.0 6.288595676422119 0.0 0.0 0.0 1.772658348083496
14 1 1026.364990234375 1017.344970703125 2.2909998893737793 0.0 1.0 6.0975871086120605 0.0 0.0 0.0 3.379185914993286
14 2 1026.633056640625 986.6799926757812 1.7259999513626099 0.0 1.0 3.5 0.0 0.0 0.0 4.337469100952148
14 3 1002.1710205078125 1004.0330200195312 6.266185283660889 0.0 1.0 7.802781581878662 0.0 0.0 0.0 0.6746307611465454
14 4 999.447998046875 1001.0460205078125 6.246185302734375 0.0 1.0 7.376197338104248 0.0 0.0 0.0 0.2019873708486557
15 0 1045.2659912109375 1003.5139770507812 0.03099999949336052 0.0 1.0 6.288595676422119 0.0 0.0 0.0 1.7094006538391113
15 1 1025.970947265625 1017.85400390625 2.265000104904175 0.0 1.0 6.0975871086120605 0.0 0.0 0.0 3.4319674968719482
15 2 1026.633056640625 986.6799926757812 1.7259999513626099 0.0 1.0 3.5 0.0 0.0 0.0 4.337469100952148
15 3 1002.4229736328125 1004.0289916992188 6.266185283660889 0.0 1.0 7.802781581878662 0.0 0.0 0.0 0.6648398041725159
15 4 999.5689697265625 1001.041015625 6.246185302734375 0.0 1.0 7.376197338104248 0.0 0.0 0.0 0.19514405727386475
16 0 1046.3809814453125 1003.5549926757812 0.03500000014901161 0.0 1.0 6.288595676422119 0.0 0.0 0.0 1.65537691116333
16 1 1025.5889892578125 1018.375 2.23799991607666 0.0 1.0 6.0975871086120605 0.0 0.0 0.0 3.617447853088379
16 2 1026.635009765625 986.666015625 1.7259999513626099 0.0 1.0 3.5 0.0 0.0 0.0 4.350795269012451
16 3 1002.6909790039062 1004.0250244140625 6.266185283660889 0.0 1.0 7.802781581878662 0.0 0.0 0.0 0.6605311036109924
16 4 999.6729736328125 1001.0369873046875 6.246185302734375 0.0 1.0 7.376197338104248 0.0 0.0 0.0 0.18644750118255615
16 5 1033.8360595703125 968.0770263671875 1.5980000495910645 0.0 1.0 8.790492057800293 0.0 0.0 0.0 23.495391845703125
17 0 1047.5030517578125 1003.6010131835938 0.03999999910593033 0.0 1.0 6.288595676422119 0.0 0.0 0.0 1.6161930561065674
17 1 1025.220947265625 1018.906982421875 2.2109999656677246 0.0 1.0 6.0975871086120605 0.0 0.0 0.0 3.9179725646972656
17 2 1026.6309814453125 986.68798828125 1.7259999513626099 0.0 1.0 3.5 0.0 0.0 0.0 4.329457759857178
17 3 1002.9760131835938 1004.02099609375 6.267185211181641 0.0 1.0 7.802781581878662 0.0 0.0 0.0 0.6562358736991882
17 4 999.760986328125 1001.0330200195312 6.245185375213623 0.0 1.0 7.376197338104248 0.0 0.0 0.0 0.18041905760765076
17 5 1033.8179931640625 968.8079833984375 1.597000002861023 0.0 1.0 8.790492057800293 0.0 0.0 0.0 22.782697677612305
18 0 1048.6309814453125 1003.6530151367188 0.04399999976158142 0.0 1.0 6.288595676422119 0.0 0.0 0.0 1.561021089553833
18 1 1024.866943359375 1019.4500122070312 2.183000087738037 0.0 1.0 6.0975871086120605 0.0 0.0 0.0 4.310027599334717
18 2 1026.6259765625 986.7210083007812 1.7259999513626099 0.0 1.0 3.5 0.0 0.0 0.0 4.297939300537109
18 3 1003.2780151367188 1004.0170288085938 6.267185211181641 0.0 1.0 7.802781581878662 0.0 0.0 0.0 0.6697169542312622
18 4 999.8350219726562 1001.030029296875 6.245185375213623 0.0 1.0 7.376197338104248 0.0 0.0 0.0 0.18896986544132233
18 5 1033.800048828125 969.5380249023438 1.5959999561309814 0.0 1.0 8.790492057800293 0.0 0.0 0.0 22.072179794311523
19 0 1049.7650146484375 1003.7100219726562 0.04899999871850014 0.0 1.0 6.288595676422119 0.0 0.0 0.0 1.5277374982833862
19 1 1024.5279541015625 1020.0020141601562 2.1559998989105225 0.0 1.0 3.5 1.0 0.0 0.0 4.684046745300293
19 2 1026.6180419921875 986.7650146484375 1.7259999513626099 0.0 1.0 3.5 0.0 0.0 0.0 4.255330562591553
19 3 1003.5980224609375 1004.0130004882812 6.268185138702393 0.0 1.0 3.5 0.0 0.0 0.0 0.6345095634460449
19 4 999.8980102539062 1001.0269775390625 6.245185375213623 0.0 1.0 7.376197338104248 0.0 0.0 0.0 0.16938281059265137
19 5 1033.7850341796875 970.2659912109375 1.593999981880188 0.0 1.0 8.790492057800293 0.0 0.0 0.0 21.365718841552734
20 0 1050.905029296875 1003.7730102539062 0.05400000140070915 0.0 1.0 6.288595676422119 0.0 0.0 0.0 1.4896578788757324
20 1 1024.2039794921875 1020.56201171875 2.130000114440918 0.0 1.0 3.5 1.0 0.0 0.0 4.4025774002075195
20 2 1026.6090087890625 986.8209838867188 1.7259999513626099 0.0 1.0 3.5 0.0 0.0 0.0 4.201725959777832
20 3 1003.9359741210938 1004.0089721679688 6.269185543060303 0.0 1.0 3.5 0.0 0.0 0.0 0.5972087979316711
20 4 999.9520263671875 1001.0250244140625 6.245185375213623 0.0 1.0 7.376197338104248 0.0 0.0 0.0 0.16466407477855682
20 5 1033.77001953125 970.989013671875 1.593000054359436 0.0 1.0 8.790492057800293 0.0 0.0 0.0 20.665571212768555
21 0 1052.051025390625 1003.843994140625 0.05999999865889549 0.0 1.0 6.288595676422119 0.0 0.0 0.0 1.4595999717712402
21 1 1023.89599609375 1021.1279907226562 2.1029999256134033 0.0 1.0 3.5 1.0 0.0 0.0 4.130651950836182
21 2 1026.5989990234375 986.8880004882812 1.7269999980926514 0.0 1.0 3.5 0.0 0.0 0.0 4.138068675994873
21 3 1004.291015625 1004.0059814453125 6.269185543060303 0.0 1.0 3.5 0.0 0.0 0.0 0.5549972653388977
21 4 999.9970092773438 1001.0230102539062 6.245185375213623 0.0 1.0 7.376197338104248 0.0 0.0 0.0 0.16261440515518188
21 5 1033.7569580078125 971.7050170898438 1.590999960899353 0.0 1.0 8.790492057800293 0.0 0.0 0.0 19.97434425354004
22 0 1053.2020263671875 1003.9210205078125 0.06599999964237213 0.0 1.0 6.288595676422119 0.0 0.0 0.0 1.4315816164016724
22 1 1023.60400390625 1021.7009887695312 2.0769999027252197 0.0 1.0 3.5 1.0 0.0 0.0 3.8802847862243652
22 2 1026.5860595703125 986.9660034179688 1.7269999980926514 0.0 1.0 3.5 0.0 0.0 0.0 4.063467979431152
22 3 1004.6630249023438 1004.0020141601562 6.271185398101807 0.0 1.0 3.5 0.0 0.0 0.0 0.5095959901809692
22 4 1000.0369873046875 1001.02099609375 6.245185375213623 0.0 1.0 7.376197338104248 0.0 0.0 0.0 0.1699337214231491
22 5 1033.7459716796875 972.4110107421875 1.5889999866485596 0.0 1.0 8.790492057800293 0.0 0.0 0.0 19.295080184936523
23 0 1054.3590087890625 1004.0070190429688 0.07199999690055847 0.0 1.0 6.288595676422119 0.0 0.0 0.0 1.4068711996078491
23 1 1023.3280029296875 1022.2780151367188 2.0510001182556152 0.0 1.0 3.5 1.0 0.0 0.0 3.651779890060425
23 2 1026.572021484375 987.0549926757812 1.7269999980926514 0.0 1.0 3.5 0.0 0.0 0.0 3.9789674282073975
23 3 1005.052978515625 1003.9990234375 6.272185325622559 0.0 1.0 3.5 0.0 0.0 0.0 0.45861929655075073
23 4 1000.0709838867188 1001.0189819335938 6.245185375213623 0.0 1.0 7.376197338104248 0.0 0.0 0.0 0.18321721255779266
23 5 1033.7359619140625 973.10498046875 1.5870000123977661 0.0 1.0 8.790492057800293 0.0 0.0 0.0 18.629552841186523
24 0 1055.52099609375 1004.0999755859375 0.07800000160932541 0.0 1.0 6.288595676422119 0.0 0.0 0.0 1.3877681493759155
24 1 1023.0670166015625 1022.8569946289062 2.0260000228881836 0.0 1.0 3.5 1.0 0.0 0.0 3.4444069862365723
24 2 1026.5560302734375 987.1530151367188 1.7269999980926514 0.0 1.0 3.5 0.0 0.0 0.0 3.885920524597168
24 3 1005.4609985351562 1003.9970092773438 6.2741851806640625 0.0 1.0 3.5 0.0 0.0 0.0 0.4017925560474396
24 4 1000.1010131835938 1001.0180053710938 6.245185375213623 0.0 1.0 7.376197338104248 0.0 0.0 0.0 0.1517743617296219
24 5 1033.72705078125 973.7860107421875 1.5859999656677246 0.0 1.0 8.790492057800293 0.0 0.0 0.0 17.978843688964844
25 0 1056.68798828125 1004.2020263671875 0.08500000089406967 0.0 1.0 6.288595676422119 0.0 0.0 0.0 1.3720037937164307
25 1 1022.822021484375 1023.43701171875 2.003000020980835 0.0 1.0 3.5 1.0 0.0 0.0 3.2591400146484375
25 2 1026.5389404296875 987.2620239257812 1.7269999980926514 0.0 1.0 3.5 0.0 0.0 0.0 3.783207893371582
25 3 1005.885009765625 1003.9959716796875 6.276185512542725 0.0 1.0 3.5 0.0 0.0 0.0 0.35919898748397827
25 4 1000.1279907226562 1001.0170288085938 6.245185375213623 0.0 1.0 7.376197338104248 0.0 0.0 0.0 0.14913131296634674
25 5 1033.719970703125 974.4509887695312 1.5839999914169312 0.0 1.0 8.790492057800293 0.0 0.0 0.0 17.34625244140625
26 0 1057.8599853515625 1004.31298828125 0.09300000220537186 0.0 1.0 6.288595676422119 0.0 0.0 0.0 1.3573888540267944
26 1 1022.593017578125 1024.0159912109375 1.9800000190734863 0.0 1.0 3.5 1.0 0.0 0.0 3.0957894325256348
26 2 1026.52001953125 987.3790283203125 1.7269999980926514 0.0 1.0 3.5 0.0 0.0 0.0 3.6730573177337646
26 3 1006.3270263671875 1003.9959716796875 6.2781853675842285 0.0 1.0 3.5 0.0 0.0 0.0 0.2723318934440613
26 4 1000.1530151367188 1001.0159912109375 6.245185375213623 0.0 1.0 7.376197338104248 0.0 0.0 0.0 0.14675745368003845
26 5 1033.7139892578125 975.0999755859375 1.5820000171661377 0.0 1.0 8.790492057800293 0.0 0.0 0.0 16.731586456298828
27 0 1059.0379638671875 1004.4340209960938 0.10100000351667404 0.0 1.0 6.288595676422119 0.0 0.0 0.0 1.3461271524429321
27 1 1022.3779907226562 1024.592041015625 1.9579999446868896 0.0 1.0 3.5 1.0 0.0 0.0 2.9520881175994873
27 2 1026.5 987.5040283203125 1.7280000448226929 0.0 1.0 3.5 0.0 0.0 0.0 3.556129217147827
27 3 1006.7860107421875 1003.9979858398438 6.281185150146484 0.0 1.0 3.5 0.0 0.0 0.0 0.19328640401363373
27 4 1000.176025390625 1001.0150146484375 6.245185375213623 0.0 1.0 7.376197338104248 0.0 0.0 0.0 0.14465276896953583
27 5 1033.708984375 975.72998046875 1.5809999704360962 0.0 1.0 8.790492057800293 0.0 0.0 0.0 16.13777732849121
28 0 1060.219970703125 1004.5659790039062 0.10899999737739563 0.0 1.0 6.288595676422119 0.0 0.0 0.0 1.3329740762710571
28 1 1022.177001953125 1025.1629638671875 1.937999963760376 0.0 1.0 3.5 1.0 0.0 0.0 2.8276689052581787
28 2 1026.47802734375 987.6370239257812 1.7280000448226929 0.0 1.0 3.5 0.0 0.0 0.0 3.432079792022705
28 3 1007.2620239257812 1004.0029907226562 0.0020000000949949026 0.0 1.0 3.5 0.0 0.0 0.0 0.20471972227096558
28 4 1000.197021484375 1001.0139770507812 6.245185375213623 0.0 1.0 7.376197338104248 0.0 0.0 0.0 0.14324960112571716
28 5 1033.7049560546875 976.3410034179688 1.5800000429153442 0.0 1.0 8.790492057800293 0.0 0.0 0.0 15.564900398254395
29 0 1061.406005859375 1004.7080078125 0.11699999868869781 0.0 1.0 6.288595676422119 0.0 0.0 0.0 1.326573371887207
29 1 1021.989990234375 1025.72705078125 1.9190000295639038 0.0 1.0 3.5 1.0 0.0 0.0 2.722073793411255
29 2 1026.4560546875 987.7769775390625 1.7280000448226929 0.0 1.0 3.5 0.0 0.0 0.0 3.3030576705932617
29 3 1007.7540283203125 1004.010009765625 0.006000000052154064 0.0 1.0 3.5 0.0 0.0 0.0 0.04738260805606842
29 4 1000.2249755859375 1001.0130004882812 6.245185375213623 0.0 1.0 7.376197338104248 0.0 0.0 0.0 0.1453690528869629
29 5 1033.7010498046875 976.9320068359375 1.5779999494552612 0.0 1.0 8.790492057800293 0.0 0.0 0.0 15.013588905334473
30 0 1062.5980224609375 1004.8619995117188 0.12600000202655792 0.0 1.0 6.288595676422119 0.0 0.0 0.0 1.3139612674713135
30 1 1021.8159790039062 1026.282958984375 1.9010000228881836 0.0 1.0 3.5 1.0 0.0 0.0 2.6339216232299805
30 2 1026.4329833984375 987.9240112304688 1.7280000448226929 0.0 1.0 3.5 0.0 0.0 0.0 3.168809413909912
30 3 1008.2639770507812 1004.02099609375 0.012000000104308128 0.0 1.0 3.5 0.0 0.0 0.0 0.09086724370718002
30 4 1000.2249755859375 1001.0130004882812 6.245185375213623 0.0 1.0 7.376197338104248 0.0 0.0 0.0 0.1453690528869629
30 5 1033.697998046875 977.5009765625 1.5779999494552612 0.0 1.0 8.790492057800293 0.0 0.0 0.0 14.486087799072266
31 0 1063.7939453125 1005.0289916992188 0.13600000739097595 0.0 1.0 6.288595676422119 0.0 0.0 0.0 1.3181949853897095
31 1 1021.6530151367188 1026.8299560546875 1.8849999904632568 0.0 1.0 3.5 1.0 0.0 0.0 2.5608015060424805
31 2 1026.407958984375 988.0770263671875 1.7280000448226929 0.0 1.0 3.5 0.0 0.0 0.0 3.0298960208892822
31 3 1008.7899780273438 1004.0360107421875 0.017999999225139618 0.0 1.0 3.5 0.0 0.0 0.0 0.2279938906431198
31 4 1000.2249755859375 1001.0130004882812 6.245185375213623 0.0 1.0 7.376197338104248 0.0 0.0 0.0 0.1453690528869629
31 5 1033.6949462890625 978.0499877929688 1.5770000219345093 0.0 1.0 8.790492057800293 0.0 0.0 0.0 13.980172157287598
32 0 1064.9959716796875 1005.2069702148438 0.1459999978542328 0.0 1.0 6.288595676422119 0.0 0.0 0.0 1.2985780239105225
32 1 1021.5009765625 1027.364013671875 1.8700000047683716 0.0 1.0 3.5 1.0 0.0 0.0 2.5024545192718506
32 2 1026.383056640625 988.2369995117188 1.7280000448226929 0.0 1.0 3.5 0.0 0.0 0.0 2.8870835304260254
32 3 1009.3319702148438 1004.0570068359375 0.026000000536441803 0.0 1.0 3.5 0.0 0.0 0.0 0.3344336152076721
32 4 1000.2249755859375 1001.0130004882812 6.245185375213623 0.0 1.0 7.376197338104248 0.0 0.0 0.0 0.1453690528869629
32 5 1033.6929931640625 978.5759887695312 1.5759999752044678 0.0 1.0 8.790492057800293 0.0 0.0 0.0 13.49897289276123
33 0 1066.2010498046875 1005.4000244140625 0.15600000321865082 0.0 1.0 6.288595676422119 0.0 0.0 0.0 1.289135217666626
33 1 1021.3590087890625 1027.886962890625 1.8569999933242798 0.0 1.0 3.5 1.0 0.0 0.0 2.455617666244507
33 2 1026.35595703125 988.4019775390625 1.7280000448226929 0.0 1.0 3.5 0.0 0.0 0.0 2.7412617206573486
33 3 1009.8889770507812 1004.083984375 0.03500000014901161 0.0 1.0 3.5 0.0 0.0 0.0 0.48617902398109436
33 4 1000.2249755859375 1001.0130004882812 6.245185375213623 0.0 1.0 7.376197338104248 0.0 0.0 0.0 0.1453690528869629
33 5 1033.6910400390625 979.0809936523438 1.5759999752044678 0.0 1.0 8.790492057800293 0.0 0.0 0.0 13.040207862854004
34 0 1067.4110107421875 1005.60498046875 0.16599999368190765 0.0 1.0 6.288595676422119 0.0 0.0 0.0 1.284727692604065
34 1 1021.2269897460938 1028.39599609375 1.8450000286102295 0.0 1.0 3.5 1.0 0.0 0.0 2.421727180480957
34 2 1026.3289794921875 988.573974609375 1.7280000448226929 0.0 1.0 3.5 0.0 0.0 0.0 2.592759370803833
34 3 1010.4619750976562 1004.1190185546875 0.04500000178813934 0.0 1.0 7.802781581878662 0.0 0.0 0.0 0.5627989768981934
34 4 1000.2249755859375 1001.0130004882812 6.245185375213623 0.0 1.0 7.376197338104248 0.0 0.0 0.0 0.1453690528869629
34 5 1033.68896484375 979.5640258789062 1.5750000476837158 0.0 1.0 8.790492057800293 0.0 0.0 0.0 12.604697227478027
35 0 1068.6240234375 1005.8250122070312 0.1770000010728836 0.0 1.0 6.288595676422119 0.0 0.0 0.0 1.2699450254440308
35 1 1021.1019897460938 1028.8919677734375 1.8350000381469727 0.0 1.0 3.5 1.0 0.0 0.0 2.3973846435546875
35 2 1026.301025390625 988.7509765625 1.7280000448226929 0.0 1.0 3.5 0.0 0.0 0.0 2.443323850631714
35 3 1011.0490112304688 1004.1640014648438 0.057999998331069946 0.0 1.0 7.802781581878662 0.0 0.0 0.0 0.5316632986068726
35 4 1000.2249755859375 1001.0130004882812 6.245185375213623 0.0 1.0 7.376197338104248 0.0 0.0 0.0 0.1453690528869629
35 5 1033.68701171875 980.0250244140625 1.5750000476837158 0.0 1.0 8.790492057800293 0.0 0.0 0.0 12.192320823669434
36 0 1069.842041015625 1006.0590209960938 0.18799999356269836 0.0 1.0 6.288595676422119 0.0 0.0 0.0 1.2586833238601685
36 1 1020.9860229492188 1029.3740234375 1.8250000476837158 0.0 1.0 3.5 1.0 0.0 0.0 2.3821325302124023
36 2 1026.27197265625 988.9349975585938 1.7280000448226929 0.0 1.0 3.5 0.0 0.0 0.0 2.292583703994751
36 3 1011.6489868164062 1004.218994140625 0.07199999690055847 0.0 1.0 7.802781581878662 0.0 0.0 0.0 0.49774596095085144
36 4 1000.2249755859375 1001.0130004882812 6.245185375213623 0.0 1.0 7.376197338104248 0.0 0.0 0.0 0.1453690528869629
36 5 1033.68505859375 980.4660034179688 1.5750000476837158 0.0 1.0 8.790492057800293 0.0 0.0 0.0 11.80116081237793
37 0 1071.06201171875 1006.3079833984375 0.19900000095367432 0.0 1.0 6.288595676422119 0.0 0.0 0.0 1.2480326890945435
37 1 1020.8759765625 1029.842041015625 1.8170000314712524 0.0 1.0 3.5 1.0 0.0 0.0 2.3749375343322754
37 2 1026.241943359375 989.125 1.7280000448226929 0.0 1.0 3.5 0.0 0.0 0.0 2.142759323120117
37 3 1012.260986328125 1004.2869873046875 0.08900000154972076 0.0 1.0 7.802781581878662 0.0 0.0 0.0 0.47549280524253845
37 4 1000.2249755859375 1001.0130004882812 6.245185375213623 0.0 1.0 7.376197338104248 0.0 0.0 0.0 0.1453690528869629
37 5 1033.6839599609375 980.885986328125 1.5750000476837158 0.0 1.0 8.790492057800293 0.0 0.0 0.0 11.43244457244873
38 0 1072.2860107421875 1006.5709838867188 0.20999999344348907 0.0 1.0 6.288595676422119 0.0 0.0 0.0 1.2327139377593994
38 1 1020.77197265625 1030.2979736328125 1.809000015258789 0.0 1.0 3.5 1.0 0.0 0.0 2.3740880489349365
38 2 1026.2099609375 989.322021484375 1.7280000448226929 0.0 1.0 3.5 0.0 0.0 0.0 1.99441659450531
38 3 1012.8839721679688 1004.3690185546875 0.10700000077486038 0.0 1.0 8.464144706726074 1.0 0.0 0.0 0.13843964040279388
38 4 1000.2249755859375 1001.0130004882812 6.245185375213623 0.0 1.0 7.376197338104248 0.0 0.0 0.0 0.1453690528869629
38 5 1033.6820068359375 981.2860107421875 1.5740000009536743 0.0 1.0 8.790492057800293 0.0 0.0 0.0 11.084150314331055
39 0 1073.511962890625 1006.8469848632812 0.2199999988079071 0.0 1.0 6.288595676422119 0.0 0.0 0.0 1.2212804555892944
39 1 1020.6740112304688 1030.740966796875 1.8020000457763672 0.0 1.0 3.5 1.0 0.0 0.0 2.3801169395446777
39 2 1026.177978515625 989.5269775390625 1.7280000448226929 0.0 1.0 3.5 0.0 0.0 0.0 1.8514049053192139
39 3 1013.5159912109375 1004.468017578125 0.1289999932050705 0.0 1.0 7.802781581878662 0.0 0.0 0.0 0.3322985768318176
39 4 1000.2249755859375 1001.0130004882812 6.245185375213623 0.0 1.0 7.376197338104248 0.0 0.0 0.0 0.1453690528869629
39 5 1033.6810302734375 981.6690063476562 1.5740000009536743 0.0 1.0 8.790492057800293 0.0 0.0 0.0 10.754507064819336
40 0 1074.740966796875 1007.1380004882812 0.23000000417232513 0.0 1.0 6.288595676422119 0.0 0.0 0.0 1.2150516510009766
40 1 1020.5819702148438 1031.1739501953125 1.7949999570846558 0.0 1.0 3.5 1.0 0.0 0.0 2.3907277584075928
40 2 1026.14404296875 989.739990234375 1.7280000448226929 0.0 1.0 3.5 0.0 0.0 0.0 1.7161425352096558
40 3 1014.155029296875 1004.5859985351562 0.15299999713897705 0.0 1.0 6.0975871086120605 0.0 0.0 0.0 0.23796740174293518
40 4 1000.2249755859375 1001.0130004882812 6.245185375213623 0.0 1.0 7.376197338104248 0.0 0.0 0.0 0.1453690528869629
40 5 1033.6800537109375 982.0330200195312 1.5740000009536743 0.0 1.0 8.790492057800293 0.0 0.0 0.0 10.444564819335938
41 0 1075.9720458984375 1007.4409790039062 0.23999999463558197 0.0 1.0 6.288595676422119 0.0 0.0 0.0 1.1977404356002808
41 1 1020.4929809570312 1031.5970458984375 1.7890000343322754 0.0 1.0 3.5 1.0 0.0 0.0 2.3968822956085205
41 2 1026.1099853515625 989.9600219726562 1.7280000448226929 0.0 1.0 3.5 0.0 0.0 0.0 1.5961698293685913
41 3 1014.7990112304688 1004.7249755859375 0.18000000715255737 0.0 1.0 6.0975871086120605 0.0 0.0 0.0 0.11892833560705185
41 4 1000.2249755859375 1001.0130004882812 6.245185375213623 0.0 1.0 7.376197338104248 0.0 0.0 0.0 0.1453690528869629
41 5 1033.678955078125 982.3809814453125 1.5740000009536743 0.0 1.0 8.790492057800293 0.0 0.0 0.0 10.151578903198242
42 0 1077.2049560546875 1007.7570190429688 0.24899999797344208 0.0 1.0 6.288595676422119 0.0 0.0 0.0 1.1877330541610718
42 1 1020.4099731445312 1032.012939453125 1.7829999923706055 0.0 1.0 3.5 1.0 0.0 0.0 2.4049298763275146
42 2 1026.072998046875 990.1890258789062 1.7280000448226929 0.0 1.0 3.5 0.0 0.0 0.0 1.4948902130126953
42 3 1015.4439697265625 1004.8870239257812 0.20999999344348907 0.0 1.0 6.0975871086120605 0.0 0.0 0.0 0.0736217200756073
42 4 1000.2249755859375 1001.0130004882812 6.245185375213623 0.0 1.0 7.376197338104248 0.0 0.0 0.0 0.1453690528869629
42 5 1033.677978515625 982.7139892578125 1.5740000009536743 0.0 1.0 8.790492057800293 0.0 0.0 0.0 9.874541282653809
43 0 1078.43896484375 1008.0830078125 0.25699999928474426 0.0 1.0 6.288595676422119 0.0 0.0 0.0 1.1986249685287476
43 1 1020.3289794921875 1032.4229736328125 1.7769999504089355 0.0 1.0 3.5 1.0 0.0 0.0 2.411191701889038
43 2 1026.0360107421875 990.426025390625 1.7280000448226929 0.0 1.0 3.5 0.0 0.0 0.0 1.4239716529846191
43 3 1016.0889892578125 1005.073974609375 0.24300000071525574 0.0 1.0 7.802781581878662 0.0 0.0 0.0 0.11563868075609207
43 4 1000.2249755859375 1001.0130004882812 6.245185375213623 0.0 1.0 7.376197338104248 0.0 0.0 0.0 0.1453690528869629
43 5 1033.677001953125 983.031982421875 1.5740000009536743 0.0 1.0 8.790492057800293 0.0 0.0 0.0 9.613271713256836
44 0 1079.675048828125 1008.4199829101562 0.26499998569488525 0.0 1.0 6.288595676422119 0.0 0.0 0.0 1.181249976158142
44 1 1020.2520141601562 1032.8280029296875 1.7719999551773071 0.0 1.0 3.5 1.0 0.0 0.0 2.415369987487793
44 2 1025.998046875 990.6710205078125 1.7280000448226929 0.0 1.0 3.5 0.0 0.0 0.0 1.3910833597183228
44 3 1016.72998046875 1005.2869873046875 0.27900001406669617 0.0 1.0 7.802781581878662 0.0 0.0 0.0 0.28092700242996216
44 4 1000.2249755859375 1001.0130004882812 6.245185375213623 0.0 1.0 7.376197338104248 0.0 0.0 0.0 0.1453690528869629
44 5 1033.676025390625 983.3369750976562 1.5740000009536743 0.0 1.0 8.790492057800293 0.0 0.0 0.0 9.36595630645752
45 0 1080.9110107421875 1008.7670288085938 0.2720000147819519 0.0 1.0 6.288595676422119 0.0 0.0 0.0 1.1789376735687256
45 1 1020.177978515625 1033.23095703125 1.7660000324249268 0.0 1.0 3.5 1.0 0.0 0.0 2.4199867248535156
45 2 1025.9580078125 990.926025390625 1.7280000448226929 0.0 1.0 3.5 0.0 0.0 0.0 1.37615966796875
45 3 1017.364990234375 1005.5289916992188 0.3190000057220459 0.0 1.0 7.802781581878662 0.0 0.0 0.0 0.49362537264823914
45 4 1000.2249755859375 1001.0130004882812 6.245185375213623 0.0 1.0 7.376197338104248 0.0 0.0 0.0 0.1453690528869629
45 5 1033.676025390625 983.6290283203125 1.5740000009536743 0.0 1.0 8.790492057800293 0.0 0.0 0.0 9.133036613464355
46 0 1082.14697265625 1009.1209716796875 0.27799999713897705 0.0 1.0 6.288595676422119 0.0 0.0 0.0 1.1862329244613647
46 1 1020.1069946289062 1033.633056640625 1.7610000371932983 0.0 1.0 3.5 1.0 0.0 0.0 2.424402952194214
46 2 1025.9169921875 991.1890258789062 1.7269999980926514 0.0 1.0 3.5 0.0 0.0 0.0 1.3620632886886597
46 3 1017.989990234375 1005.7999877929688 0.3610000014305115 0.0 1.0 7.802781581878662 0.0 0.0 0.0 0.697900652885437
46 4 1000.2249755859375 1001.0130004882812 6.245185375213623 0.0 1.0 7.376197338104248 0.0 0.0 0.0 0.1453690528869629
46 5 1033.675048828125 983.9089965820312 1.5740000009536743 0.0 1.0 8.790492057800293 0.0 0.0 0.0 8.912331581115723
47 0 1083.384033203125 1009.4829711914062 0.2840000092983246 0.0 1.0 6.288595676422119 0.0 0.0 0.0 1.216567873954773
47 1 1025.8740234375 991.4609985351562 1.7269999980926514 0.0 1.0 3.5 0.0 0.0 0.0 1.3526601791381836
47 2 1018.6019897460938 1006.1019897460938 0.4059999883174896 0.0 1.0 7.802781581878662 0.0 0.0 0.0 0.938729465007782
47 3 1000.2249755859375 1001.0130004882812 6.245185375213623 0.0 1.0 7.376197338104248 0.0 0.0 0.0 0.1453690528869629
47 4 1033.6739501953125 984.177001953125 1.5729999542236328 0.0 1.0 8.790492057800293 0.0 0.0 0.0 8.704253196716309
48 0 1084.6190185546875 1009.8510131835938 0.289000004529953 0.0 1.0 6.288595676422119 0.0 0.0 0.0 1.2235203981399536
48 1 1025.8310546875 991.7420043945312 1.7259999513626099 0.0 1.0 3.5 0.0 0.0 0.0 1.3353590965270996
48 2 1019.198974609375 1006.4340209960938 0.453000009059906 0.0 1.0 7.802781581878662 0.0 0.0 0.0 1.2131613492965698
48 3 1000.2249755859375 1001.0130004882812 6.245185375213623 0.0 1.0 7.376197338104248 0.0 0.0 0.0 0.1453690528869629
48 4 1033.6739501953125 984.4349975585938 1.5729999542236328 0.0 1.0 8.790492057800293 0.0 0.0 0.0 8.50773811340332
49 0 1085.85400390625 1010.2249755859375 0.2939999997615814 0.0 1.0 6.288595676422119 0.0 0.0 0.0 1.2487452030181885
49 1 1025.7860107421875 992.0330200195312 1.7259999513626099 0.0 1.0 3.5 0.0 0.0 0.0 1.3130122423171997
49 2 1019.7760009765625 1006.7969970703125 0.503000020980835 0.0 1.0 3.5 0.0 0.0 0.0 1.396570086479187
49 3 1000.2249755859375 1001.0130004882812 6.245185375213623 0.0 1.0 7.376197338104248 0.0 0.0 0.0 0.1453690528869629
49 4 1033.6729736328125 984.6820068359375 1.5729999542236328 0.0 1.0 8.790492057800293 0.0 0.0 0.0 8.322078704833984
50 0 1087.0880126953125 1010.60498046875 0.2980000078678131 0.0 1.0 6.288595676422119 0.0 0.0 0.0 1.2859257459640503
50 1 1025.739990234375 992.333984375 1.725000023841858 0.0 1.0 3.5 0.0 0.0 0.0 1.318284273147583
50 2 1020.3330078125 1007.1909790039062 0.5540000200271606 0.0 1.0 3.5 0.0 0.0 0.0 0.7722744941711426
50 3 1000.2249755859375 1001.0130004882812 6.245185375213623 0.0 1.0 7.376197338104248 0.0 0.0 0.0 0.1453690528869629
50 4 1033.6729736328125 984.9190063476562 1.5729999542236328 0.0 1.0 8.790492057800293 0.0 0.0 0.0 8.147655487060547
51 0 1025.6920166015625 992.64501953125 1.7239999771118164 0.0 1.0 3.5 0.0 0.0 0.0 1.2809025049209595
51 1 1020.864990234375 1007.614013671875 0.6079999804496765 0.0 1.0 3.5 0.0 0.0 0.0 0.1645202934741974
51 2 1000.2249755859375 1001.0130004882812 6.245185375213623 0.0 1.0 7.376197338104248 0.0 0.0 0.0 0.1453690528869629
51 3 1033.6729736328125 985.14501953125 1.5729999542236328 0.0 1.0 8.790492057800293 0.0 0.0 0.0 7.9843316078186035
52 0 1025.64404296875 992.968017578125 1.7230000495910645 0.0 1.0 3.5 0.0 0.0 0.0 1.2629363536834717
52 1 1021.3729858398438 1008.0659790039062 0.6629999876022339 0.0 1.0 3.5 0.0 0.0 0.0 0.4293367266654968
52 2 1000.2249755859375 1001.0130004882812 6.245185375213623 0.0 1.0 7.376197338104248 0.0 0.0 0.0 0.1453690528869629
52 3 1033.6719970703125 985.3619995117188 1.5729999542236328 0.0 1.0 8.790492057800293 0.0 0.0 0.0 7.829733371734619
53 0 1025.593994140625 993.302978515625 1.722000002861023 0.0 1.0 3.5 0.0 0.0 0.0 1.2468796968460083
53 1 1021.85302734375 1008.5469970703125 0.718999981880188 0.0 1.0 7.802781581878662 1.0 0.0 0.0 0.8960141539573669
53 2 1000.2249755859375 1001.0130004882812 6.245185375213623 0.0 1.0 7.376197338104248 0.0 0.0 0.0 0.1453690528869629
53 3 1033.6719970703125 985.5689697265625 1.5729999542236328 0.0 1.0 8.790492057800293 0.0 0.0 0.0 7.685763835906982
54 0 1025.5419921875 993.6500244140625 1.7209999561309814 0.0 1.0 3.5 0.0 0.0 0.0 1.2317839860916138
54 1 1022.3049926757812 1009.0540161132812 0.7760000228881836 0.0 1.0 7.802781581878662 1.0 0.0 0.0 0.22335365414619446
54 2 1000.2249755859375 1001.0130004882812 6.245185375213623 0.0 1.0 7.376197338104248 0.0 0.0 0.0 0.1453690528869629
54 3 1033.6719970703125 985.7670288085938 1.5720000267028809 0.0 1.0 8.790492057800293 0.0 0.0 0.0 7.550795555114746
55 0 1025.489990234375 994.010986328125 1.7200000286102295 0.0 1.0 3.5 0.0 0.0 0.0 1.225642442703247
55 1 1022.72802734375 1009.5869750976562 0.8330000042915344 0.0 1.0 7.802781581878662 1.0 0.0 0.0 0.46524032950401306
55 2 1000.2520141601562 1001.0120239257812 6.245185375213623 0.0 1.0 7.376197338104248 0.0 0.0 0.0 0.15237872302532196
55 3 1033.6719970703125 985.9559936523438 1.5720000267028809 0.0 1.0 8.790492057800293 0.0 0.0 0.0 7.424599647521973
56 0 1025.43505859375 994.385009765625 1.718000054359436 0.0 1.0 3.5 0.0 0.0 0.0 1.2133740186691284
56 1 1023.1220092773438 1010.14599609375 0.8899999856948853 0.0 1.0 8.790492057800293 0.0 0.0 0.0 1.0038925409317017
56 2 1000.2680053710938 1001.010986328125 6.245185375213623 0.0 1.0 7.376197338104248 0.0 0.0 0.0 0.15894602239131927
56 3 1033.6729736328125 986.1370239257812 1.5709999799728394 0.0 1.0 8.790492057800293 0.0 0.0 0.0 7.307048320770264
57 0 1025.3800048828125 994.7739868164062 1.7170000076293945 0.0 1.0 3.5 0.0 0.0 0.0 1.208182692527771
57 1 1023.4849853515625 1010.72802734375 0.9470000267028809 0.0 1.0 8.790492057800293 0.0 0.0 0.0 0.5647521018981934
57 2 1000.291015625 1001.010009765625 6.245185375213623 0.0 1.0 7.376197338104248 0.0 0.0 0.0 0.13301682472229004
57 3 1033.6729736328125 986.3109741210938 1.5709999799728394 0.0 1.0 8.790492057800293 0.0 0.0 0.0 7.1957807540893555
58 0 1025.322998046875 995.1790161132812 1.715000033378601 0.0 1.0 3.5 0.0 0.0 0.0 1.2074241638183594
58 1 1023.8189697265625 1011.3350219726562 1.003000020980835 0.0 1.0 8.790492057800293 0.0 0.0 0.0 0.16105282306671143
58 2 1000.3209838867188 1001.0089721679688 6.245185375213623 0.0 1.0 7.376197338104248 0.0 0.0 0.0 0.12965531647205353
58 3 1033.6739501953125 986.47802734375 1.5700000524520874 0.0 1.0 8.790492057800293 0.0 0.0 0.0 7.092149257659912
59 0 1025.2640380859375 995.5989990234375 1.7130000591278076 0.0 1.0 3.5 0.0 0.0 0.0 1.2106784582138062
59 1 1024.123046875 1011.9639892578125 1.059000015258789 0.0 1.0 8.790492057800293 0.0 0.0 0.0 0.22487172484397888
59 2 1000.3599853515625 1001.0079956054688 6.245185375213623 0.0 1.0 7.376197338104248 0.0 0.0 0.0 0.12498851865530014
59 3 1033.675048828125 986.6389770507812 1.5700000524520874 0.0 1.0 8.790492057800293 0.0 0.0 0.0 6.994591236114502
60 0 1025.2039794921875 996.0349731445312 1.7109999656677246 0.0 1.0 3.5 0.0 0.0 0.0 1.2194173336029053
60 1 1024.39794921875 1012.614990234375 1.1130000352859497 0.0 1.0 6.0975871086120605 0.0 0.0 0.0 0.11033689975738525
60 2 1000.4089965820312 1001.0059814453125 6.245185375213623 0.0 1.0 7.376197338104248 0.0 0.0 0.0 0.120379738509655
60 3 1033.676025390625 986.7960205078125 1.569000005722046 0.0 1.0 8.790492057800293 0.0 0.0 0.0 6.901766777038574
61 0 1025.1429443359375 996.4869995117188 1.7089999914169312 0.0 1.0 3.5 0.0 0.0 0.0 1.2345771789550781
61 1 1024.64404296875 1013.2890014648438 1.1649999618530273 0.0 1.0 6.0975871086120605 0.0 0.0 0.0 0.5721346139907837
61 2 1000.469970703125 1001.0029907226562 6.245185375213623 0.0 1.0 7.376197338104248 0.0 0.0 0.0 0.13479430973529816
61 3 1033.677001953125 986.948974609375 1.5679999589920044 0.0 1.0 8.790492057800293 0.0 0.0 0.0 6.813592433929443
62 0 1025.0799560546875 996.9559936523438 1.7079999446868896 0.0 1.0 3.5 0.0 0.0 0.0 1.256917953491211
62 1 1024.8599853515625 1013.9849853515625 1.215999960899353 0.0 1.0 6.0975871086120605 0.0 0.0 0.0 0.9748702645301819
62 2 1000.5440063476562 1001.0009765625 6.245185375213623 0.0 1.0 7.376197338104248 0.0 0.0 0.0 0.10368908196687698
62 3 1033.678955078125 987.1010131835938 1.5679999589920044 0.0 1.0 8.790492057800293 0.0 0.0 0.0 6.729130744934082
63 0 1025.0159912109375 997.4409790039062 1.7059999704360962 0.0 1.0 3.5 0.0 0.0 0.0 1.2803462743759155
63 1 1025.0479736328125 1014.7020263671875 1.2649999856948853 0.0 1.0 6.0975871086120605 0.0 0.0 0.0 1.3032310009002686
63 2 1000.6339721679688 1000.9970092773438 6.245185375213623 0.0 1.0 7.376197338104248 0.0 0.0 0.0 0.09660477191209793
63 3 1033.6810302734375 987.2509765625 1.5670000314712524 0.0 1.0 8.790492057800293 0.0 0.0 0.0 6.648158073425293
64 0 1024.949951171875 997.9439697265625 1.7039999961853027 0.0 1.0 3.5 0.0 0.0 0.0 1.313676357269287
64 1 1025.208984375 1015.4400024414062 1.3109999895095825 0.0 1.0 6.0975871086120605 0.0 0.0 0.0 1.5474534034729004
64 2 1000.7410278320312 1000.9929809570312 6.245185375213623 0.0 1.0 7.376197338104248 0.0 0.0 0.0 0.07959135621786118
64 3 1033.6829833984375 987.4010009765625 1.565000057220459 0.0 1.0 8.790492057800293 0.0 0.0 0.0 6.569613456726074
65 0 1024.884033203125 998.4630126953125 1.7020000219345093 0.0 1.0 3.5 0.0 0.0 0.0 1.3557006120681763
65 1 1025.342041015625 1016.198974609375 1.3550000190734863 0.0 1.0 6.0975871086120605 0.0 0.0 0.0 1.8961259126663208
65 2 1000.8670043945312 1000.9879760742188 6.245185375213623 0.0 1.0 7.376197338104248 0.0 0.0 0.0 0.07711995393037796
65 3 1033.68603515625 987.552978515625 1.5640000104904175 0.0 1.0 8.790492057800293 0.0 0.0 0.0 6.493426322937012
66 0 1024.8160400390625 999.0 1.7000000476837158 0.0 1.0 3.5 0.0 0.0 0.0 1.4054028987884521
66 1 1025.448974609375 1016.97802734375 1.3949999809265137 0.0 1.0 6.0975871086120605 0.0 0.0 0.0 2.440589666366577
66 2 1001.0139770507812 1000.9829711914062 6.246185302734375 0.0 1.0 7.376197338104248 0.0 0.0 0.0 0.04217277467250824
66 3 1033.68798828125 987.7069702148438 1.562999963760376 0.0 1.0 8.790492057800293 0.0 0.0 0.0 6.418081760406494
67 0 1024.7459716796875 999.552978515625 1.6990000009536743 0.0 1.0 3.5 0.0 0.0 0.0 1.463133454322815
67 1 1025.531005859375 1017.7769775390625 1.4329999685287476 0.0 1.0 6.0975871086120605 0.0 0.0 0.0 3.0917115211486816
67 2 1001.1810302734375 1000.9760131835938 6.246185302734375 0.0 1.0 7.376197338104248 0.0 0.0 0.0 0.018119318410754204
67 3 1033.6920166015625 987.8629760742188 1.562000036239624 0.0 1.0 8.790492057800293 0.0 0.0 0.0 6.346398830413818
68 0 1024.675048828125 1000.1240234375 1.6970000267028809 0.0 1.0 3.5 0.0 0.0 0.0 1.5318206548690796
68 1 1025.5899658203125 1018.594970703125 1.468000054359436 0.0 1.0 6.0975871086120605 0.0 0.0 0.0 3.806126594543457
68 2 1001.3709716796875 1000.968994140625 6.246185302734375 0.0 1.0 7.376197338104248 0.0 0.0 0.0 0.011714555323123932
68 3 1033.6949462890625 988.02099609375 1.559999942779541 0.0 1.0 8.790492057800293 0.0 0.0 0.0 6.275979995727539
69 0 1024.60302734375 1000.7119750976562 1.6950000524520874 0.0 1.0 6.0975871086120605 0.0 0.0 0.0 1.5898253917694092
69 1 1025.626953125 1019.4320068359375 1.4989999532699585 0.0 1.0 6.0975871086120605 0.0 0.0 0.0 4.563908576965332
69 2 1001.583984375 1000.9619750976562 6.247185230255127 0.0 1.0 7.376197338104248 0.0 0.0 0.0 0.048032987862825394
69 3 1033.698974609375 988.1829833984375 1.5579999685287476 0.0 1.0 8.790492057800293 0.0 0.0 0.0 6.207961082458496
70 0 1024.530029296875 1001.3159790039062 1.694000005722046 0.0 1.0 6.0975871086120605 0.0 0.0 0.0 1.0054904222488403
70 1 1025.6429443359375 1020.2869873046875 1.5269999504089355 0.0 1.0 6.0975871086120605 0.0 0.0 0.0 5.354549884796143
70 2 1001.8200073242188 1000.9539794921875 6.247185230255127 0.0 1.0 7.376197338104248 0.0 0.0 0.0 0.09056036919355392
70 3 1033.7039794921875 988.3460083007812 1.5570000410079956 0.0 1.0 8.790492057800293 0.0 0.0 0.0 6.143967151641846
71 0 1024.4549560546875 1001.93798828125 1.6929999589920044 0.0 1.0 6.0975871086120605 0.0 0.0 0.0 0.40437641739845276
71 1 1025.6409912109375 1021.1599731445312 1.5520000457763672 0.0 1.0 3.5 1.0 0.0 0.0 5.877015113830566
71 2 1002.0789794921875 1000.9450073242188 6.248185157775879 0.0 1.0 7.376197338104248 0.0 0.0 0.0 0.14000022411346436
71 3 1033.708984375 988.510009765625 1.5549999475479126 0.0 1.0 8.790492057800293 0.0 0.0 0.0 6.083286285400391
72 0 1024.3790283203125 1002.5750122070312 1.690999984741211 0.0 1.0 6.0975871086120605 0.0 0.0 0.0 0.21307189762592316
72 1 1025.6219482421875 1022.0499877929688 1.5740000009536743 0.0 1.0 3.5 1.0 0.0 0.0 5.919248104095459
72 2 1002.3629760742188 1000.9359741210938 6.249185085296631 0.0 1.0 7.376197338104248 0.0 0.0 0.0 0.20045369863510132
72 3 1033.7149658203125 988.6740112304688 1.5520000457763672 0.0 1.0 8.790492057800293 0.0 0.0 0.0 6.0273942947387695
73 0 1024.301025390625 1003.22802734375 1.690000057220459 0.0 1.0 6.0975871086120605 0.0 0.0 0.0 0.8457818031311035
73 1 1025.5880126953125 1022.9559936523438 1.593000054359436 0.0 1.0 3.5 1.0 0.0 0.0 5.963574409484863
73 2 1002.6699829101562 1000.927001953125 6.250185489654541 0.0 1.0 7.376197338104248 0.0 0.0 0.0 0.2674899995326996
73 3 1033.7220458984375 988.8359985351562 1.5499999523162842 0.0 1.0 8.790492057800293 0.0 0.0 0.0 5.97710657119751
74 0 1024.2230224609375 1003.89697265625 1.6890000104904175 0.0 1.0 7.802781581878662 0.0 0.0 0.0 0.8359794020652771
74 1 1025.541015625 1023.8770141601562 1.6089999675750732 0.0 1.0 3.5 1.0 0.0 0.0 6.009672164916992
74 2 1003.0020141601562 1000.9180297851562 6.251185417175293 0.0 1.0 7.802781581878662 0.0 0.0 0.0 0.3161281943321228
74 3 1033.72900390625 988.9949951171875 1.5470000505447388 0.0 1.0 8.790492057800293 0.0 0.0 0.0 5.931769847869873
75 0 1024.1429443359375 1004.5800170898438 1.687999963760376 0.0 1.0 7.802781581878662 0.0 0.0 0.0 0.15641647577285767
75 1 1025.4830322265625 1024.81201171875 1.6230000257492065 0.0 1.0 3.5 1.0 0.0 0.0 6.060267448425293
75 2 1003.3579711914062 1000.9089965820312 6.253185272216797 0.0 1.0 7.802781581878662 0.0 0.0 0.0 0.3212384283542633
75 3 1033.7359619140625 989.1480102539062 1.5449999570846558 0.0 1.0 8.790492057800293 0.0 0.0 0.0 5.892127513885498
76 0 1024.06103515625 1005.2769775390625 1.687999963760376 0.0 1.0 6.0975871086120605 0.0 0.0 0.0 0.07273320853710175
76 1 1025.4139404296875 1025.760009765625 1.6339999437332153 0.0 1.0 3.5 1.0 0.0 0.0 6.116018772125244
76 2 1003.739013671875 1000.8989868164062 6.254185199737549 0.0 1.0 7.802781581878662 0.0 0.0 0.0 0.28367289900779724
76 3 1033.7440185546875 989.2940063476562 1.5420000553131104 0.0 1.0 8.790492057800293 0.0 0.0 0.0 5.859055519104004
77 0 1023.97900390625 1005.9879760742188 1.687000036239624 0.0 1.0 7.802781581878662 0.0 0.0 0.0 0.42917385697364807
77 1 1025.3380126953125 1026.718017578125 1.6440000534057617 0.0 1.0 3.5 1.0 0.0 0.0 6.180798530578613
77 2 1004.1439819335938 1000.8900146484375 6.255185127258301 0.0 1.0 7.802781581878662 0.0 0.0 0.0 0.29513201117515564
77 3 1033.7530517578125 989.4310302734375 1.5390000343322754 0.0 1.0 8.790492057800293 0.0 0.0 0.0 5.832634925842285
78 0 1023.8939819335938 1006.7109985351562 1.687000036239624 0.0 1.0 8.790492057800293 0.0 0.0 0.0 0.8606505393981934
78 1 1025.2540283203125 1027.68603515625 1.6519999504089355 0.0 1.0 3.5 1.0 0.0 0.0 6.254220485687256
78 2 1004.572998046875 1000.8800048828125 6.257185459136963 0.0 1.0 7.802781581878662 0.0 0.0 0.0 0.3110043406486511
78 3 1033.760986328125 989.5579833984375 1.5360000133514404 0.0 1.0 8.790492057800293 0.0 0.0 0.0 5.810599327087402
79 0 1023.8090209960938 1007.4450073242188 1.687000036239624 0.0 1.0 7.802781581878662 1.0 0.0 0.0 0.6469530463218689
79 1 1025.1650390625 1028.6610107421875 1.6579999923706055 0.0 1.0 3.5 1.0 0.0 0.0 6.339423179626465
79 2 1005.0269775390625 1000.8699951171875 6.258185386657715 0.0 1.0 7.802781581878662 0.0 0.0 0.0 0.33551889657974243
79 3 1033.76904296875 989.6710205078125 1.534000039100647 0.0 1.0 8.790492057800293 0.0 0.0 0.0 5.794135570526123
80 0 1023.7219848632812 1008.1900024414062 1.687000036239624 0.0 1.0 7.802781581878662 1.0 0.0 0.0 0.06727145612239838
80 1 1025.0699462890625 1029.6419677734375 1.6640000343322754 0.0 1.0 3.5 1.0 0.0 0.0 6.434494972229004
80 2 1005.5059814453125 1000.8599853515625 6.259185314178467 0.0 1.0 7.802781581878662 0.0 0.0 0.0 0.39713823795318604
80 3 1033.7769775390625 989.77099609375 1.531000018119812 0.0 1.0 8.790492057800293 0.0 0.0 0.0 5.78228235244751
81 0 1023.6329956054688 1008.9439697265625 1.687999963760376 0.0 1.0 7.802781581878662 1.0 0.0 0.0 0.5338518023490906
81 1 1024.970947265625 1030.6280517578125 1.6679999828338623 0.0 1.0 3.5 1.0 0.0 0.0 6.542616367340088
81 2 1006.010009765625 1000.8489990234375 6.260185241699219 0.0 1.0 7.802781581878662 0.0 0.0 0.0 0.3872877359390259
81 3 1033.7840576171875 989.8569946289062 1.527999997138977 0.0 1.0 8.790492057800293 0.0 0.0 0.0 5.773581504821777
82 0 1023.5430297851562 1009.7069702148438 1.687999963760376 0.0 1.0 8.790492057800293 0.0 0.0 0.0 0.6480363607406616
82 1 1024.8680419921875 1031.614990234375 1.6729999780654907 0.0 1.0 3.5 1.0 0.0 0.0 6.6627278327941895
82 2 1006.5380249023438 1000.8389892578125 6.260185241699219 0.0 1.0 7.802781581878662 0.0 0.0 0.0 0.4447123110294342
82 3 1033.791015625 989.927978515625 1.5260000228881836 0.0 1.0 8.790492057800293 0.0 0.0 0.0 5.768566131591797
83 0 1023.4500122070312 1010.47802734375 1.6890000104904175 0.0 1.0 8.790492057800293 0.0 0.0 0.0 0.6316495537757874
83 1 1024.760009765625 1032.60400390625 1.6770000457763672 0.0 1.0 3.5 1.0 0.0 0.0 6.7808098793029785
83 2 1007.0900268554688 1000.8270263671875 6.261185169219971 0.0 1.0 7.802781581878662 0.0 0.0 0.0 0.4687727689743042
83 3 1033.7969970703125 989.9840087890625 1.5240000486373901 0.0 1.0 8.790492057800293 0.0 0.0 0.0 5.765703201293945
84 0 1023.3560180664062 1011.2559814453125 1.690000057220459 0.0 1.0 8.790492057800293 0.0 0.0 0.0 0.6360152959823608
84 1 1007.6669921875 1000.8150024414062 6.261185169219971 0.0 1.0 7.802781581878662 0.0 0.0 0.0 0.5216860175132751
84 2 1033.802001953125 990.0260009765625 1.5219999551773071 0.0 1.0 8.790492057800293 0.0 0.0 0.0 5.764411449432373
85 0 1023.260009765625 1012.041015625 1.6920000314712524 0.0 1.0 8.790492057800293 0.0 0.0 0.0 0.6456063389778137
85 1 1008.2670288085938 1000.802978515625 6.261185169219971 0.0 1.0 7.802781581878662 0.0 0.0 0.0 0.5863967537879944
85 2 1033.8060302734375 990.052978515625 1.5210000276565552 0.0 1.0 8.790492057800293 0.0 0.0 0.0 5.764522552490234
86 0 1023.1619873046875 1012.8319702148438 1.6929999589920044 0.0 1.0 8.790492057800293 0.0 0.0 0.0 0.6756822466850281
86 1 1008.8900146484375 1000.7899780273438 6.262185096740723 0.0 1.0 7.802781581878662 0.0 0.0 0.0 0.6531679034233093
86 2 1033.8089599609375 990.0579833984375 1.5190000534057617 0.0 1.0 8.790492057800293 0.0 0.0 0.0 5.766794204711914
87 0 1023.06201171875 1013.6300048828125 1.694000005722046 0.0 1.0 6.0975871086120605 0.0 0.0 0.0 0.8570821285247803
87 1 1009.5369873046875 1000.7769775390625 6.262185096740723 0.0 1.0 7.802781581878662 0.0 0.0 0.0 0.733943521976471
87 2 1033.8089599609375 990.0579833984375 1.5180000066757202 0.0 1.0 8.790492057800293 0.0 0.0 0.0 5.766794204711914
88 0 1022.9600219726562 1014.4349975585938 1.6959999799728394 0.0 1.0 6.0975871086120605 0.0 0.0 0.0 0.8025089502334595
88 1 1010.2059936523438 1000.7630004882812 6.262185096740723 0.0 1.0 7.802781581878662 0.0 0.0 0.0 0.8259840607643127
88 2 1033.8089599609375 990.0579833984375 1.5180000066757202 0.0 1.0 8.790492057800293 0.0 0.0 0.0 5.766794204711914
89 0 1022.8560180664062 1015.2479858398438 1.6970000267028809 0.0 1.0 6.0975871086120605 0.0 0.0 0.0 0.8133803009986877
89 1 1010.8980102539062 1000.7479858398438 6.262185096740723 0.0 1.0 7.802781581878662 0.0 0.0 0.0 0.9439204335212708
89 2 1033.8089599609375 990.0579833984375 1.5180000066757202 0.0 1.0 8.790492057800293 0.0 0.0 0.0 5.766794204711914
90 0 1022.7490234375 1016.0689697265625 1.6990000009536743 0.0 1.0 6.0975871086120605 0.0 0.0 0.0 1.1908692121505737
90 1 1011.6110229492188 1000.7329711914062 6.262185096740723 0.0 1.0 8.464144706726074 1.0 0.0 0.0 0.9893688559532166
90 2 1033.8089599609375 990.0579833984375 1.5169999599456787 0.0 1.0 8.790492057800293 0.0 0.0 0.0 5.766794204711914
91 0 1022.6409912109375 1016.9000244140625 1.7000000476837158 0.0 1.0 6.0975871086120605 0.0 0.0 0.0 1.8919498920440674
91 1 1012.3460083007812 1000.718017578125 6.262185096740723 0.0 1.0 8.464144706726074 1.0 0.0 0.0 0.25429651141166687
91 2 1033.8089599609375 990.0579833984375 1.5180000066757202 0.0 1.0 8.790492057800293 0.0 0.0 0.0 5.766794204711914
92 0 1022.530029296875 1017.7420043945312 1.7009999752044678 0.0 1.0 3.5 1.0 0.0 0.0 2.5338387489318848
92 1 1013.1019897460938 1000.7030029296875 6.262185096740723 0.0 1.0 8.464144706726074 1.0 0.0 0.0 0.5017627477645874
92 2 1033.8089599609375 990.0579833984375 1.5180000066757202 0.0 1.0 8.790492057800293 0.0 0.0 0.0 5.766794204711914
93 0 1022.4169921875 1018.594970703125 1.7020000219345093 0.0 1.0 3.5 1.0 0.0 0.0 2.48007869720459
93 1 1013.8779907226562 1000.68701171875 6.263185501098633 0.0 1.0 8.464144706726074 1.0 0.0 0.0 1.2778449058532715
93 2 1033.8089599609375 990.0579833984375 1.5180000066757202 0.0 1.0 8.790492057800293 0.0 0.0 0.0 5.766794204711914
94 0 1022.302001953125 1019.4609985351562 1.7020000219345093 0.0 1.0 3.5 1.0 0.0 0.0 2.4319074153900146
94 1 1014.6740112304688 1000.6710205078125 6.263185501098633 0.0 1.0 3.53849458694458 1.0 0.0 0.0 1.4321775436401367
94 2 1033.8089599609375 990.0579833984375 1.5180000066757202 0.0 1.0 8.790492057800293 0.0 0.0 0.0 5.766794204711914
95 0 1022.1849975585938 1020.3410034179688 1.7029999494552612 0.0 1.0 3.5 1.0 0.0 0.0 2.371523141860962
95 1 1015.489990234375 1000.655029296875 6.264185428619385 0.0 1.0 3.53849458694458 1.0 0.0 0.0 0.6161419153213501
95 2 1033.8089599609375 990.0579833984375 1.5180000066757202 0.0 1.0 8.790492057800293 0.0 0.0 0.0 5.766794204711914
96 0 1022.0659790039062 1021.2349853515625 1.7029999494552612 0.0 1.0 3.5 1.0 0.0 0.0 2.312730550765991
96 1 1016.3259887695312 1000.6400146484375 6.264185428619385 0.0 1.0 3.53849458694458 1.0 0.0 0.0 0.21984326839447021
96 2 1033.8089599609375 990.0579833984375 1.5180000066757202 0.0 1.0 8.790492057800293 0.0 0.0 0.0 5.766794204711914
97 0 1021.9450073242188 1022.1430053710938 1.7029999494552612 0.0 1.0 3.5 1.0 0.0 0.0 2.2623214721679688
97 1 1017.1790161132812 1000.625 6.265185356140137 0.0 1.0 3.5 0.0 0.0 0.0 0.748766303062439
97 2 1033.8089599609375 990.0579833984375 1.5180000066757202 0.0 1.0 8.790492057800293 0.0 0.0 0.0 5.766794204711914
98 0 1021.822021484375 1023.0659790039062 1.7029999494552612 0.0 1.0 3.5 1.0 0.0 0.0 2.226121425628662
98 1 1018.051025390625 1000.6099853515625 6.266185283660889 0.0 1.0 3.5 0.0 0.0 0.0 0.3410184383392334
98 2 1033.8089599609375 990.0579833984375 1.5180000066757202 0.0 1.0 8.790492057800293 0.0 0.0 0.0 5.766794204711914
99 0 1021.698974609375 1024.0030517578125 1.7020000219345093 0.0 1.0 3.5 1.0 0.0 0.0 2.20735502243042
99 1 1018.9409790039062 1000.5960083007812 6.266185283660889 0.0 1.0 3.5 0.0 0.0 0.0 0.12539662420749664
99 2 1033.8089599609375 990.0579833984375 1.5180000066757202 0.0 1.0 8.790492057800293 0.0 0.0 0.0 5.766794204711914
100 0 1021.573974609375 1024.9530029296875 1.7009999752044678 0.0 1.0 3.5 1.0 0.0 0.0 2.2021679878234863
100 1 1019.8469848632812 1000.5819702148438 6.267185211181641 0.0 1.0 3.5 0.0 0.0 0.0 0.649726927280426
100 2 1033.8089599609375 990.0579833984375 1.5180000066757202 0.0 1.0 8.790492057800293 0.0 0.0 0.0 5.766794204711914
101 0 1021.448974609375 1025.916015625 1.7000000476837158 0.0 1.0 3.5 1.0 0.0 0.0 2.215163230895996
101 1 1020.77001953125 1000.5689697265625 6.268185138702393 0.0 1.0 6.0975871086120605 0.0 0.0 0.0 0.24289661645889282
101 2 1033.8089599609375 990.0579833984375 1.5180000066757202 0.0 1.0 8.790492057800293 0.0 0.0 0.0 5.766794204711914
102 0 1021.322998046875 1026.8900146484375 1.7000000476837158 0.0 1.0 3.5 1.0 0.0 0.0 2.245398759841919
102 1 1021.708984375 1000.5570068359375 6.270185470581055 0.0 1.0 6.0975871086120605 0.0 0.0 0.0 0.3312762975692749
102 2 1033.8089599609375 990.0579833984375 1.5180000066757202 0.0 1.0 8.790492057800293 0.0 0.0 0.0 5.766794204711914
103 0 1021.197021484375 1027.8740234375 1.6990000009536743 0.0 1.0 3.5 1.0 0.0 0.0 2.294131278991699
103 1 1022.6640014648438 1000.5460205078125 6.271185398101807 0.0 1.0 3.5 0.0 0.0 0.0 0.3070276081562042
103 2 1033.8089599609375 990.0579833984375 1.5180000066757202 0.0 1.0 8.790492057800293 0.0 0.0 0.0 5.766794204711914
104 0 1021.0709838867188 1028.865966796875 1.6979999542236328 0.0 1.0 3.5 1.0 0.0 0.0 2.3614211082458496
104 1 1023.6339721679688 1000.5360107421875 6.272185325622559 0.0 1.0 3.5 0.0 0.0 0.0 0.63224858045578
104 2 1033.8089599609375 990.0579833984375 1.5180000066757202 0.0 1.0 8.790492057800293 0.0 0.0 0.0 5.766794204711914
105 0 1020.9459838867188 1029.864990234375 1.6959999799728394 0.0 1.0 3.5 1.0 0.0 0.0 2.448394536972046
105 1 1024.6199951171875 1000.5280151367188 6.2741851806640625 0.0 1.0 3.5 0.0 0.0 0.0 1.5782920122146606
105 2 1033.8089599609375 990.0579833984375 1.5180000066757202 0.0 1.0 8.790492057800293 0.0 0.0 0.0 5.766794204711914
106 0 1020.8200073242188 1030.8690185546875 1.6950000524520874 0.0 1.0 3.5 1.0 0.0 0.0 2.5528955459594727
106 1 1025.6199951171875 1000.52099609375 6.2751851081848145 0.0 1.0 8.790492057800293 0.0 0.0 0.0 0.9051257371902466
106 2 1033.8089599609375 990.0579833984375 1.5180000066757202 0.0 1.0 8.790492057800293 0.0 0.0 0.0 5.766794204711914
107 0 1020.6959838867188 1031.875 1.694000005722046 0.0 1.0 3.5 1.0 0.0 0.0 2.6551451683044434
107 1 1026.634033203125 1000.5159912109375 6.277185440063477 0.0 1.0 8.790492057800293 0.0 0.0 0.0 0.07333456724882126
107 2 1033.8089599609375 990.0579833984375 1.5180000066757202 0.0 1.0 8.790492057800293 0.0 0.0 0.0 5.766794204711914
108 0 1020.572021484375 1032.884033203125 1.6929999589920044 0.0 1.0 3.5 1.0 0.0 0.0 2.7401418685913086
108 1 1027.6629638671875 1000.5130004882812 6.2791852951049805 0.0 1.0 8.790492057800293 0.0 0.0 0.0 1.0695067644119263
108 2 1033.81103515625 990.06298828125 1.5180000066757202 0.0 1.0 8.790492057800293 0.0 0.0 0.0 5.768081188201904
109 0 1028.70703125 1000.5120239257812 6.281185150146484 0.0 1.0 8.790492057800293 0.0 0.0 0.0 1.742080807685852
109 1 1033.81201171875 990.0819702148438 1.5180000066757202 0.0 1.0 8.790492057800293 0.0 0.0 0.0 5.766473770141602
110 0 1029.7650146484375 1000.5139770507812 0.0010000000474974513 0.0 1.0 8.790492057800293 0.0 0.0 0.0 0.8609414100646973
110 1 1033.81396484375 990.1119995117188 1.5180000066757202 0.0 1.0 8.790492057800293 0.0 0.0 0.0 5.7644805908203125
111 0 1030.8380126953125 1000.5189819335938 0.004000000189989805 0.0 1.0 8.790492057800293 0.0 0.0 0.0 0.004956766031682491
111 1 1033.8170166015625 990.1519775390625 1.5169999599456787 0.0 1.0 8.790492057800293 0.0 0.0 0.0 5.762396335601807
112 0 1031.926025390625 1000.5269775390625 0.006000000052154064 0.0 1.0 8.790492057800293 0.0 0.0 0.0 0.8497371077537537
112 1 1033.822021484375 990.2039794921875 1.5149999856948853 0.0 1.0 8.790492057800293 0.0 0.0 0.0 5.761196613311768
113 0 1033.029052734375 1000.5380249023438 0.008999999612569809 0.0 1.0 8.790492057800293 0.0 0.0 0.0 1.6690891981124878
113 1 1033.8280029296875 990.2670288085938 1.5130000114440918 0.0 1.0 8.790492057800293 0.0 0.0 0.0 5.760319709777832
114 0 1034.14697265625 1000.5540161132812 0.013000000268220901 0.0 1.0 8.790492057800293 0.0 0.0 0.0 2.4395499229431152
114 1 1033.8370361328125 990.343994140625 1.5099999904632568 0.0 1.0 8.790492057800293 0.0 0.0 0.0 5.761852264404297
115 0 1035.281005859375 1000.572998046875 0.01600000075995922 0.0 1.0 8.790492057800293 0.0 0.0 0.0 3.136883497238159
115 1 1033.8470458984375 990.4340209960938 1.50600004196167 0.0 1.0 8.790492057800293 0.0 0.0 0.0 5.764446258544922
116 0 1036.4300537109375 1000.5980224609375 0.019999999552965164 0.0 1.0 8.790492057800293 0.0 0.0 0.0 3.739429235458374
116 1 1033.8599853515625 990.5390014648438 1.5010000467300415 0.0 1.0 8.790492057800293 0.0 0.0 0.0 5.770599365234375
117 0 1037.593994140625 1000.6270141601562 0.024000000208616257 0.0 1.0 8.790492057800293 0.0 0.0 0.0 4.216776371002197
117 1 1033.8759765625 990.6580200195312 1.4950000047683716 0.0 1.0 8.790492057800293 0.0 0.0 0.0 5.781172752380371
118 0 1038.77294921875 1000.6619873046875 0.028999999165534973 0.0 1.0 8.790492057800293 0.0 0.0 0.0 4.533450603485107
118 1 1033.89599609375 990.7919921875 1.4880000352859497 0.0 1.0 8.790492057800293 0.0 0.0 0.0 5.798016548156738
119 0 1039.967041015625 1000.7039794921875 0.032999999821186066 0.0 1.0 8.790492057800293 0.0 0.0 0.0 4.6628313064575195
119 1 1033.9189453125 990.9409790039062 1.4800000190734863 0.0 1.0 8.790492057800293 0.0 0.0 0.0 5.8211541175842285
120 0 1041.1739501953125 1000.7520141601562 0.039000000804662704 0.0 1.0 6.288595676422119 0.0 0.0 0.0 4.5996246337890625
120 1 1033.947021484375 991.1069946289062 1.4700000286102295 0.0 1.0 8.790492057800293 0.0 0.0 0.0 5.853774070739746
121 0 1042.39404296875 1000.8070068359375 0.04399999976158142 0.0 1.0 6.288595676422119 0.0 0.0 0.0 4.494047164916992
121 1 1033.97998046875 991.2869873046875 1.4589999914169312 0.0 1.0 8.790492057800293 0.0 0.0 0.0 5.897008419036865
122 0 1043.626953125 1000.8699951171875 0.05000000074505806 0.0 1.0 6.288595676422119 0.0 0.0 0.0 4.391692161560059
122 1 1034.01904296875 991.4829711914062 1.4459999799728394 0.0 1.0 8.790492057800293 0.0 0.0 0.0 5.953039646148682
123 0 1044.8709716796875 1000.9409790039062 0.0560000017285347 0.0 1.0 6.288595676422119 0.0 0.0 0.0 4.288597583770752
123 1 1034.06494140625 991.6920166015625 1.4320000410079956 0.0 1.0 8.790492057800293 0.0 0.0 0.0 6.015087127685547
124 0 1046.125 1001.02197265625 0.06300000101327896 0.0 1.0 6.288595676422119 0.0 0.0 0.0 4.195580005645752
124 1 1034.1190185546875 991.9130249023438 1.4160000085830688 0.0 1.0 8.790492057800293 0.0 0.0 0.0 6.0803351402282715
125 0 1047.3890380859375 1001.1119995117188 0.07000000029802322 0.0 1.0 6.288595676422119 0.0 0.0 0.0 4.094405651092529
125 1 1034.1800537109375 992.14501953125 1.3990000486373901 0.0 1.0 8.790492057800293 0.0 0.0 0.0 6.1465744972229
126 0 1048.6619873046875 1001.2130126953125 0.07800000160932541 0.0 1.0 6.288595676422119 0.0 0.0 0.0 4.001169204711914
126 1 1034.2490234375 992.385986328125 1.3799999952316284 0.0 1.0 8.790492057800293 0.0 0.0 0.0 6.214545726776123
127 0 1049.9420166015625 1001.3250122070312 0.0860000029206276 0.0 1.0 6.288595676422119 0.0 0.0 0.0 3.9110631942749023
127 1 1034.3260498046875 992.635009765625 1.3609999418258667 0.0 1.0 8.790492057800293 0.0 0.0 0.0 6.280317306518555
128 0 1051.22998046875 1001.448974609375 0.0949999988079071 0.0 1.0 6.288595676422119 0.0 0.0 0.0 3.8237791061401367
128 1 1034.4100341796875 992.8870239257812 1.340999960899353 0.0 1.0 8.790492057800293 0.0 0.0 0.0 6.34520149230957
129 0 1052.5240478515625 1001.5850219726562 0.10400000214576721 0.0 1.0 6.288595676422119 0.0 0.0 0.0 3.734773874282837
129 1 1034.5009765625 993.1420288085938 1.3200000524520874 0.0 1.0 8.790492057800293 0.0 0.0 0.0 6.407685279846191
130 0 1053.823974609375 1001.7340087890625 0.11299999803304672 0.0 1.0 6.288595676422119 0.0 0.0 0.0 3.648087978363037
130 1 1034.5980224609375 993.3980102539062 1.2990000247955322 0.0 1.0 8.790492057800293 0.0 0.0 0.0 6.46652364730835
131 0 1055.1290283203125 1001.89599609375 0.12300000339746475 0.0 1.0 6.288595676422119 0.0 0.0 0.0 3.567988872528076
131 1 1034.7010498046875 993.6500244140625 1.277999997138977 0.0 1.0 8.790492057800293 0.0 0.0 0.0 6.522279739379883
132 0 1056.43994140625 1002.072998046875 0.13300000131130219 0.0 1.0 6.288595676422119 0.0 0.0 0.0 3.4770665168762207
132 1 1034.8089599609375 993.8989868164062 1.2569999694824219 0.0 1.0 8.790492057800293 0.0 0.0 0.0 6.5727057456970215
133 0 1057.7550048828125 1002.2650146484375 0.14399999380111694 0.0 1.0 6.288595676422119 0.0 0.0 0.0 3.38860821723938
133 1 1034.9189453125 994.1409912109375 1.2359999418258667 0.0 1.0 8.790492057800293 0.0 0.0 0.0 6.61776876449585
134 0 1059.0760498046875 1002.4719848632812 0.1550000011920929 0.0 1.0 6.288595676422119 0.0 0.0 0.0 3.30116605758667
134 1 1035.032958984375 994.3740234375 1.215000033378601 0.0 1.0 8.790492057800293 0.0 0.0 0.0 6.659793853759766
135 0 1060.4010009765625 1002.6950073242188 0.16599999368190765 0.0 1.0 6.288595676422119 0.0 0.0 0.0 3.2125449180603027
135 1 1035.14697265625 994.5969848632812 1.1950000524520874 0.0 1.0 8.790492057800293 0.0 0.0 0.0 6.695927143096924
136 0 1061.7320556640625 1002.9349975585938 0.1770000010728836 0.0 1.0 6.288595676422119 0.0 0.0 0.0 3.1292150020599365
136 1 1035.261962890625 994.8079833984375 1.1749999523162842 0.0 1.0 8.790492057800293 0.0 0.0 0.0 6.728629112243652
137 0 1063.0679931640625 1003.1909790039062 0.1889999955892563 0.0 1.0 6.288595676422119 0.0 0.0 0.0 3.0348126888275146
137 1 1035.3759765625 995.0059814453125 1.156000018119812 0.0 1.0 8.790492057800293 0.0 0.0 0.0 6.757405757904053
138 0 1064.4090576171875 1003.4650268554688 0.20000000298023224 0.0 1.0 6.288595676422119 0.0 0.0 0.0 2.9396297931671143
138 1 1035.487060546875 995.1909790039062 1.1380000114440918 0.0 1.0 8.790492057800293 0.0 0.0 0.0 6.781559467315674
139 0 1065.7550048828125 1003.7559814453125 0.21199999749660492 0.0 1.0 6.288595676422119 0.0 0.0 0.0 2.844543218612671
139 1 1035.593994140625 995.3610229492188 1.1200000047683716 0.0 1.0 8.790492057800293 0.0 0.0 0.0 6.802293300628662
140 0 1067.10595703125 1004.0640258789062 0.22300000488758087 0.0 1.0 6.288595676422119 0.0 0.0 0.0 2.7494843006134033
140 1 1035.697998046875 995.5180053710938 1.1039999723434448 0.0 1.0 8.790492057800293 0.0 0.0 0.0 6.82095193862915
141 0 1068.4639892578125 1004.3889770507812 0.23499999940395355 0.0 1.0 6.288595676422119 0.0 0.0 0.0 2.654776096343994
141 1 1035.7960205078125 995.6610107421875 1.0880000591278076 0.0 1.0 8.790492057800293 0.0 0.0 0.0 6.836801528930664
142 0 1069.8260498046875 1004.7310180664062 0.24500000476837158 0.0 1.0 6.288595676422119 0.0 0.0 0.0 2.5599637031555176
142 1 1035.8890380859375 995.7899780273438 1.0729999542236328 0.0 1.0 8.790492057800293 0.0 0.0 0.0 6.851625442504883
143 0 1071.1949462890625 1005.0900268554688 0.25600001215934753 0.0 1.0 6.288595676422119 0.0 0.0 0.0 2.4657211303710938
143 1 1035.9759521484375 995.906982421875 1.059999942779541 0.0 1.0 8.790492057800293 0.0 0.0 0.0 6.86281156539917
144 0 1072.5689697265625 1005.4639892578125 0.26600000262260437 0.0 1.0 6.288595676422119 0.0 0.0 0.0 2.3739519119262695
144 1 1036.0570068359375 996.0120239257812 1.0470000505447388 0.0 1.0 8.790492057800293 0.0 0.0 0.0 6.873525619506836
145 0 1073.947998046875 1005.85302734375 0.2750000059604645 0.0 1.0 6.288595676422119 0.0 0.0 0.0 2.2850215435028076
145 1 1036.1319580078125 996.1079711914062 1.034999966621399 0.0 1.0 8.790492057800293 0.0 0.0 0.0 6.881839275360107
146 0 1075.3330078125 1006.2570190429688 0.28299999237060547 0.0 1.0 6.288595676422119 0.0 0.0 0.0 2.199719190597534
146 1 1036.2020263671875 996.1939697265625 1.024999976158142 0.0 1.0 8.790492057800293 0.0 0.0 0.0 6.889667987823486
147 0 1076.7230224609375 1006.6729736328125 0.29100000858306885 0.0 1.0 6.288595676422119 0.0 0.0 0.0 2.121479034423828
147 1 1036.2669677734375 996.27197265625 1.0149999856948853 0.0 1.0 8.790492057800293 0.0 0.0 0.0 6.896371364593506
148 0 1078.116943359375 1007.1019897460938 0.2980000078678131 0.0 1.0 6.288595676422119 0.0 0.0 0.0 2.0499212741851807
148 1 1036.3280029296875 996.343994140625 1.0049999952316284 0.0 1.0 8.790492057800293 0.0 0.0 0.0 6.902001857757568
149 0 1079.5150146484375 1007.5399780273438 0.30399999022483826 0.0 1.0 6.288595676422119 0.0 0.0 0.0 1.9897972345352173
149 1 1036.385986328125 996.4099731445312 0.996999979019165 0.0 1.0 8.790492057800293 0.0 0.0 0.0 6.9076972007751465
150 0 1080.916015625 1007.9869995117188 0.3089999854564667 0.0 1.0 6.288595676422119 0.0 0.0 0.0 1.9416955709457397
150 1 1036.4410400390625 996.4730224609375 0.9879999756813049 0.0 1.0 8.790492057800293 0.0 0.0 0.0 6.912446022033691
151 0 1082.3199462890625 1008.4429931640625 0.3140000104904175 0.0 1.0 6.288595676422119 0.0 0.0 0.0 1.8852976560592651
151 1 1036.4949951171875 996.5330200195312 0.9800000190734863 0.0 1.0 8.790492057800293 0.0 0.0 0.0 6.916381359100342
152 0 1083.7249755859375 1008.905029296875 0.3179999887943268 0.0 1.0 6.288595676422119 0.0 0.0 0.0 1.853307843208313
152 1 1036.5489501953125 996.5919799804688 0.972000002861023 0.0 1.0 8.790492057800293 0.0 0.0 0.0 6.920670032501221
153 0 1085.1300048828125 1009.3720092773438 0.32100000977516174 0.0 1.0 6.288595676422119 0.0 0.0 0.0 1.8343474864959717
153 1 1036.60302734375 996.6510009765625 0.9639999866485596 0.0 1.0 8.790492057800293 0.0 0.0 0.0 6.9239583015441895
154 0 1086.5350341796875 1009.844970703125 0.32499998807907104 0.0 1.0 6.288595676422119 0.0 0.0 0.0 1.8279494047164917
154 1 1036.6590576171875 996.7100219726562 0.9559999704360962 0.0 1.0 8.790492057800293 0.0 0.0 0.0 6.928455829620361
155 0 1036.717041015625 996.77001953125 0.9470000267028809 0.0 1.0 8.790492057800293 0.0 0.0 0.0 6.933070659637451
156 0 1036.7779541015625 996.8319702148438 0.9390000104904175 0.0 1.0 8.790492057800293 0.0 0.0 0.0 6.937603950500488
157 0 1036.842041015625 996.89697265625 0.9290000200271606 0.0 1.0 8.790492057800293 0.0 0.0 0.0 6.940749168395996
158 0 1036.9110107421875 996.9650268554688 0.9190000295639038 0.0 1.0 8.790492057800293 0.0 0.0 0.0 6.943705081939697
159 0 1036.9840087890625 997.0369873046875 0.9089999794960022 0.0 1.0 8.790492057800293 0.0 0.0 0.0 6.944739818572998
160 0 1037.06201171875 997.1110229492188 0.8980000019073486 0.0 1.0 8.790492057800293 0.0 0.0 0.0 6.945670127868652
161 0 1037.14697265625 997.1900024414062 0.8859999775886536 0.0 1.0 8.790492057800293 0.0 0.0 0.0 6.945375442504883
162 0 1037.237060546875 997.27197265625 0.8730000257492065 0.0 1.0 8.790492057800293 0.0 0.0 0.0 6.942311763763428
163 0 1037.333984375 997.3579711914062 0.8600000143051147 0.0 1.0 8.790492057800293 0.0 0.0 0.0 6.9384355545043945
164 0 1037.43798828125 997.447998046875 0.8460000157356262 0.0 1.0 8.790492057800293 0.0 0.0 0.0 6.9315361976623535
165 0 1037.550048828125 997.5419921875 0.8309999704360962 0.0 1.0 8.790492057800293 0.0 0.0 0.0 6.922998905181885
166 0 1037.6689453125 997.6389770507812 0.8149999976158142 0.0 1.0 8.790492057800293 0.0 0.0 0.0 6.910721778869629
167 0 1037.7969970703125 997.739013671875 0.7979999780654907 0.0 1.0 8.790492057800293 0.0 0.0 0.0 6.896102428436279
168 0 1037.9339599609375 997.843017578125 0.7799999713897705 0.0 1.0 8.790492057800293 0.0 0.0 0.0 6.8773064613342285
169 0 1038.0799560546875 997.9509887695312 0.7609999775886536 0.0 1.0 8.790492057800293 0.0 0.0 0.0 6.853318214416504
170 0 1038.237060546875 998.0609741210938 0.7409999966621399 0.0 1.0 8.790492057800293 0.0 0.0 0.0 6.825809478759766
171 0 1038.404052734375 998.1749877929688 0.7210000157356262 0.0 1.0 8.790492057800293 0.0 0.0 0.0 6.79146146774292
172 0 1038.5830078125 998.291015625 0.6990000009536743 0.0 1.0 8.790492057800293 0.0 0.0 0.0 6.751805782318115
173 0 1038.77294921875 998.4089965820312 0.6769999861717224 0.0 1.0 8.790492057800293 0.0 0.0 0.0 6.705348968505859
174 0 1038.9759521484375 998.5289916992188 0.652999997138977 0.0 1.0 8.790492057800293 0.0 0.0 0.0 6.650505065917969
175 0 1039.1910400390625 998.6500244140625 0.6299999952316284 0.0 1.0 8.790492057800293 0.0 0.0 0.0 6.588151931762695
176 0 1039.4189453125 998.77197265625 0.6060000061988831 0.0 1.0 8.790492057800293 0.0 0.0 0.0 6.5158562660217285
177 0 1039.6590576171875 998.8939819335938 0.5809999704360962 0.0 1.0 8.790492057800293 0.0 0.0 0.0 6.4344892501831055
178 0 1039.9110107421875 999.0159912109375 0.5569999814033508 0.0 1.0 8.790492057800293 0.0 0.0 0.0 6.341342926025391
179 0 1040.1739501953125 999.135986328125 0.5329999923706055 0.0 1.0 8.790492057800293 0.0 0.0 0.0 6.239236831665039
180 0 1040.447998046875 999.2559814453125 0.5090000033378601 0.0 1.0 8.790492057800293 0.0 0.0 0.0 6.122897624969482
181 0 1040.7320556640625 999.3740234375 0.4860000014305115 0.0 1.0 6.288595676422119 0.0 0.0 0.0 5.996086597442627
182 0 1041.0260009765625 999.489990234375 0.46299999952316284 0.0 1.0 6.288595676422119 0.0 0.0 0.0 5.866900444030762
183 0 1041.3299560546875 999.60400390625 0.44200000166893005 0.0 1.0 6.288595676422119 0.0 0.0 0.0 5.739259719848633
184 0 1041.6419677734375 999.7169799804688 0.421999990940094 0.0 1.0 6.288595676422119 0.0 0.0 0.0 5.613791465759277
185 0 1041.9630126953125 999.8270263671875 0.4020000100135803 0.0 1.0 6.288595676422119 0.0 0.0 0.0 5.490315914154053
186 0 1042.291015625 999.9349975585938 0.3840000033378601 0.0 1.0 6.288595676422119 0.0 0.0 0.0 5.369436740875244
187 0 1042.626953125 1000.041015625 0.3659999966621399 0.0 1.0 6.288595676422119 0.0 0.0 0.0 5.252269268035889
188 0 1042.969970703125 1000.14599609375 0.3499999940395355 0.0 1.0 6.288595676422119 0.0 0.0 0.0 5.131814002990723
189 0 1043.3199462890625 1000.2479858398438 0.33500000834465027 0.0 1.0 6.288595676422119 0.0 0.0 0.0 5.019904136657715
190 0 1043.675048828125 1000.3480224609375 0.32100000977516174 0.0 1.0 6.288595676422119 0.0 0.0 0.0 4.914064884185791
191 0 1044.0350341796875 1000.4459838867188 0.3070000112056732 0.0 1.0 6.288595676422119 0.0 0.0 0.0 4.802863597869873
192 0 1044.4000244140625 1000.541015625 0.29499998688697815 0.0 1.0 6.288595676422119 0.0 0.0 0.0 4.696720123291016
193 0 1044.77001953125 1000.635009765625 0.28299999237060547 0.0 1.0 6.288595676422119 0.0 0.0 0.0 4.596230506896973
194 0 1045.1429443359375 1000.7260131835938 0.2720000147819519 0.0 1.0 6.288595676422119 0.0 0.0 0.0 4.504367828369141
