1 0 201.86041259765625 -7.5 0.0 0.0 0.0 3.0 2.0 0.0 0.0 2.389796018600464
1 1 62.7929801940918 -4.5 0.0 0.0 0.0 3.0 2.0 0.0 0.0 6.198843479156494
1 2 161.27371215820312 -1.5 0.0 0.0 0.0 3.0 2.0 0.0 0.0 4.875091075897217
1 3 117.54731750488281 -4.5 0.0 0.0 0.0 3.0 2.0 0.0 0.0 3.2043075561523438
1 4 80.3455810546875 -11.085197448730469 0.059137940406799316 0.0 0.0 3.0 2.0 0.0 0.0 1.4990460872650146
1 5 216.02804565429688 -1.5 0.0 0.0 0.0 3.0 2.0 0.0 0.0 16.64777374267578
1 6 188.52516174316406 -4.5 0.0 0.0 0.0 3.0 2.0 0.0 0.0 1.5335358381271362
1 7 0.0 0.0 0.0 0.0 0.0 0.0 0.0 0.0 0.0 0.0
1 8 0.0 0.0 0.0 0.0 0.0 0.0 0.0 0.0 0.0 0.0
1 9 0.0 0.0 0.0 0.0 0.0 0.0 0.0 0.0 0.0 0.0
1 10 0.0 0.0 0.0 0.0 0.0 0.0 0.0 0.0 0.0 0.0
1 11 211.8000030517578 -10.5 0.0 0.0 0.0 3.0 2.0 0.0 0.0 12.628934860229492
2 0 205.06040954589844 -7.5 0.0 0.0 0.0 3.0 2.0 0.0 0.0 5.2780442237854
2 1 66.09297943115234 -4.5 0.0 0.0 0.0 3.0 2.0 0.0 0.0 5.9778289794921875
2 2 164.6757049560547 -1.5 0.0 0.0 0.0 3.0 2.0 0.0 0.0 4.813989162445068
2 3 120.747314453125 -4.5 0.0 0.0 0.0 3.0 2.0 0.0 0.0 3.0768864154815674
2 4 83.41789245605469 -10.903295516967773 0.05759844183921814 0.0 0.0 3.0 2.0 0.0 0.0 1.499000906944275
2 5 219.6280517578125 -1.5 0.0 0.0 0.0 3.0 2.0 0.0 0.0 20.137287139892578
2 6 191.72315979003906 -4.5 0.0 0.0 0.0 3.0 2.0 0.0 0.0 1.5172195434570312
2 7 0.0 0.0 0.0 0.0 0.0 0.0 0.0 0.0 0.0 0.0
2 8 0.0 0.0 0.0 0.0 0.0 0.0 0.0 0.0 0.0 0.0
2 9 0.0 0.0 0.0 0.0 0.0 0.0 0.0 0.0 0.0 0.0
2 10 0.0 0.0 0.0 0.0 0.0 0.0 0.0 0.0 0.0 0.0
2 11 214.6199951171875 -10.5 0.0 0.0 0.0 3.0 2.0 0.0 0.0 15.296875953674316
3 0 208.28041076660156 -7.5 0.0 0.0 0.0 3.0 2.0 0.0 0.0 8.415176391601562
3 1 69.39098358154297 -4.5 0.0 0.0 0.0 3.0 2.0 0.0 0.0 5.757225036621094
3 2 168.07571411132812 -1.5 0.0 0.0 0.0 3.0 2.0 0.0 0.0 4.754859447479248
3 3 123.94331359863281 -4.5 0.0 0.0 0.0 3.0 2.0 0.0 0.0 2.9542484283447266
3 4 86.48847961425781 -10.726238250732422 0.056058939546346664 0.0 0.0 3.0 2.0 0.0 0.0 1.5096783638000488
3 5 223.22804260253906 -1.5 0.0 0.0 0.0 3.0 2.0 0.0 0.0 23.65991973876953
3 6 194.92115783691406 -4.5 0.0 0.0 0.0 3.0 2.0 0.0 0.0 1.507210612297058
3 7 0.0 0.0 0.0 0.0 0.0 0.0 0.0 0.0 0.0 0.0
3 8 0.0 0.0 0.0 0.0 0.0 0.0 0.0 0.0 0.0 0.0
3 9 0.0 0.0 0.0 0.0 0.0 0.0 0.0 0.0 0.0 0.0
3 10 0.0 0.0 0.0 0.0 0.0 0.0 0.0 0.0 0.0 0.0
3 11 217.44000244140625 -10.5 0.0 0.0 0.0 3.0 2.0 0.0 0.0 18.011207580566406
4 0 211.52041625976562 -7.5 0.0046011945232748985 0.0 0.0 3.0 2.0 0.0 0.0 11.61766242980957
4 1 72.69097900390625 -4.5 0.0 0.0 0.0 3.0 2.0 0.0 0.0 5.545228004455566
4 2 171.46971130371094 -1.5 0.0 0.0 0.0 3.0 2.0 0.0 0.0 4.704249858856201
4 3 127.14131927490234 -4.5 0.0 0.0 0.0 3.0 2.0 0.0 0.0 2.8262526988983154
4 4 89.56134033203125 -10.553796768188477 0.054518941789865494 0.0 0.0 3.0 2.0 0.0 0.0 1.5017051696777344
4 5 226.8280487060547 -1.5 0.0 0.0 0.0 3.0 2.0 0.0 0.0 27.202835083007812
4 6 198.11915588378906 -4.5 0.0 0.0 0.0 3.0 2.0 0.0 0.0 1.5019184350967407
4 7 0.0 0.0 0.0 0.0 0.0 0.0 0.0 0.0 0.0 0.0
4 8 0.0 0.0 0.0 0.0 0.0 0.0 0.0 0.0 0.0 0.0
4 9 0.0 0.0 0.0 0.0 0.0 0.0 0.0 0.0 0.0 0.0
4 10 0.0 0.0 0.0 0.0 0.0 0.0 0.0 0.0 0.0 0.0
4 11 220.25999450683594 -10.5 0.0 0.0 0.0 3.0 2.0 0.0 0.0 20.75373649597168
5 0 214.78041076660156 -7.485000133514404 0.013718651607632637 0.0 0.0 3.0 2.0 0.0 0.0 14.854822158813477
5 1 75.99098205566406 -4.5 0.0 0.0 0.0 3.0 2.0 0.0 0.0 5.339174270629883
5 2 174.86370849609375 -1.5 0.0 0.0 0.0 3.0 2.0 0.0 0.0 4.65811014175415
5 3 130.3393096923828 -4.5 0.0 0.0 0.0 3.0 2.0 0.0 0.0 2.7120630741119385
5 4 92.63445281982422 -10.386087417602539 0.05297944322228432 0.0 0.0 3.0 2.0 0.0 0.0 1.499069094657898
5 5 230.42803955078125 -1.5 0.0 0.0 0.0 3.0 2.0 0.0 0.0 30.75899314880371
5 6 201.3351593017578 -4.5 0.0 0.0 0.0 3.0 2.0 0.0 0.0 2.0081465244293213
5 7 0.0 0.0 0.0 0.0 0.0 0.0 0.0 0.0 0.0 0.0
5 8 0.0 0.0 0.0 0.0 0.0 0.0 0.0 0.0 0.0 0.0
5 9 0.0 0.0 0.0 0.0 0.0 0.0 0.0 0.0 0.0 0.0
5 10 0.0 0.0 0.0 0.0 0.0 0.0 0.0 0.0 0.0 0.0
5 11 223.0780029296875 -10.5 0.0 0.0 0.0 3.0 2.0 0.0 0.0 23.512636184692383
6 0 218.06040954589844 -7.440000057220459 0.022723359987139702 0.0 0.0 3.0 2.0 0.0 0.0 18.117727279663086
6 1 79.28897857666016 -4.5 0.0 0.0 0.0 3.0 2.0 0.0 0.0 5.140288352966309
6 2 178.25770568847656 -1.5 0.0 0.0 0.0 3.0 2.0 0.0 0.0 4.619466304779053
6 3 133.53732299804688 -4.5 0.0 0.0 0.0 3.0 2.0 0.0 0.0 2.604001522064209
6 4 95.70582580566406 -10.223215103149414 0.05144094303250313 0.0 0.0 3.0 2.0 0.0 0.0 1.4989873170852661
6 5 234.02804565429688 -1.5 0.0 0.0 0.0 3.0 2.0 0.0 0.0 34.324310302734375
6 6 204.55116271972656 -4.5 0.0 0.0 0.0 3.0 2.0 0.0 0.0 4.791978359222412
6 7 0.0 0.0 0.0 0.0 0.0 0.0 0.0 0.0 0.0 0.0
6 8 0.0 0.0 0.0 0.0 0.0 0.0 0.0 0.0 0.0 0.0
6 9 0.0 0.0 0.0 0.0 0.0 0.0 0.0 0.0 0.0 0.0
6 10 0.0 0.0 0.0 0.0 0.0 0.0 0.0 0.0 0.0 0.0
6 11 225.8939971923828 -10.5 0.0 0.0 0.0 3.0 2.0 0.0 0.0 26.282108306884766
7 0 221.36041259765625 -7.364999771118164 0.0316159687936306 0.0 0.0 3.0 2.0 0.0 0.0 21.403980255126953
7 1 82.58698272705078 -4.5 0.0 0.0 0.0 3.0 2.0 0.0 0.0 4.941767692565918
7 2 181.64971923828125 -1.5 0.0 0.0 0.0 3.0 2.0 0.0 0.0 4.585032939910889
7 3 136.73532104492188 -4.5 0.0 0.0 0.0 3.0 2.0 0.0 0.0 2.500645399093628
7 4 98.77545928955078 -10.065171241760254 0.04990344122052193 0.0 0.0 3.0 2.0 0.0 0.0 1.4994101524353027
7 5 237.6260528564453 -1.5 0.0 0.0 0.0 3.0 2.0 0.0 0.0 37.89419174194336
7 6 207.76914978027344 -4.5 0.0 0.0 0.0 3.0 2.0 0.0 0.0 7.912628650665283
7 7 0.0 0.0 0.0 0.0 0.0 0.0 0.0 0.0 0.0 0.0
7 8 0.0 0.0 0.0 0.0 0.0 0.0 0.0 0.0 0.0 0.0
7 9 0.0 0.0 0.0 0.0 0.0 0.0 0.0 0.0 0.0 0.0
7 10 0.0 0.0 0.0 0.0 0.0 0.0 0.0 0.0 0.0 0.0
7 11 228.70799255371094 -10.5 0.0 0.0 0.0 3.0 2.0 0.0 0.0 29.058547973632812
8 0 224.680419921875 -7.260000228881836 0.040397170931100845 0.0 0.0 3.0 2.0 0.0 0.0 24.712562561035156
8 1 85.88497924804688 -4.5 0.0 0.0 0.0 3.0 2.0 0.0 0.0 4.750829696655273
8 2 185.04171752929688 -1.5 0.0 0.0 0.0 3.0 2.0 0.0 0.0 4.556926727294922
8 3 139.95130920410156 -4.5 0.0 0.0 0.0 3.0 2.0 0.0 0.0 2.401463270187378
8 4 101.84332275390625 -9.911946296691895 0.048365943133831024 0.0 0.0 3.0 2.0 0.0 0.0 1.5063674449920654
8 5 241.2240447998047 -1.5 0.0 0.0 0.0 3.0 2.0 0.0 0.0 41.46892166137695
8 6 210.98715209960938 -4.5 0.0 0.0 0.0 3.0 2.0 0.0 0.0 11.089069366455078
8 7 0.0 0.0 0.0 0.0 0.0 0.0 0.0 0.0 0.0 0.0
8 8 0.0 0.0 0.0 0.0 0.0 0.0 0.0 0.0 0.0 0.0
8 9 0.0 0.0 0.0 0.0 0.0 0.0 0.0 0.0 0.0 0.0
8 10 0.0 0.0 0.0 0.0 0.0 0.0 0.0 0.0 0.0 0.0
8 11 231.52200317382812 -10.5 0.0 0.0 0.0 3.0 2.0 0.0 0.0 31.841583251953125
9 0 228.02041625976562 -7.125 0.049067724496126175 0.0 0.0 3.0 2.0 0.0 0.0 28.04299545288086
9 1 89.18498229980469 -4.5 0.004545423202216625 0.0 0.0 3.0 2.0 0.0 0.0 4.565918445587158
9 2 188.4337158203125 -1.5 0.0 0.0 0.0 3.0 2.0 0.0 0.0 4.533963203430176
9 3 143.1673126220703 -4.5 0.0 0.0 0.0 3.0 2.0 0.0 0.0 2.3070616722106934
9 4 104.91342163085938 -9.76334285736084 0.04682644084095955 0.0 0.0 3.0 2.0 0.0 0.0 1.4997260570526123
9 5 244.8260498046875 -1.5 0.0 0.0 0.0 3.0 2.0 0.0 0.0 45.05135726928711
9 6 214.2071533203125 -4.5 0.0 0.0 0.0 3.0 2.0 0.0 0.0 14.286115646362305
9 7 0.0 0.0 0.0 0.0 0.0 0.0 0.0 0.0 0.0 0.0
9 8 0.0 0.0 0.0 0.0 0.0 0.0 0.0 0.0 0.0 0.0
9 9 0.0 0.0 0.0 0.0 0.0 0.0 0.0 0.0 0.0 0.0
9 10 0.0 0.0 0.0 0.0 0.0 0.0 0.0 0.0 0.0 0.0
9 11 234.33399963378906 -10.5 0.0 0.0 0.0 3.0 2.0 0.0 0.0 34.62763977050781
10 0 231.3804168701172 -6.960000038146973 0.05762842670083046 0.0 0.0 3.0 2.0 0.0 0.0 31.39510154724121
10 1 92.48497772216797 -4.485000133514404 0.013610774651169777 0.0 0.0 3.0 2.0 0.0 0.0 4.404175281524658
10 2 191.82571411132812 -1.5 0.0 0.0 0.0 3.0 2.0 0.0 0.0 4.5166730880737305
10 3 146.3793182373047 -4.5 0.0 0.0 0.0 3.0 2.0 0.0 0.0 2.218578815460205
10 4 107.98973846435547 -9.619184494018555 0.0452849417924881 0.0 0.0 3.0 2.0 0.0 0.0 1.4989780187606812
10 5 248.42803955078125 -1.5 0.0 0.0 0.0 3.0 2.0 0.0 0.0 48.63666534423828
10 6 217.42515563964844 -4.5 0.0 0.0 0.0 3.0 2.0 0.0 0.0 17.48960304260254
10 7 0.0 0.0 0.0 0.0 0.0 0.0 0.0 0.0 0.0 0.0
10 8 0.0 0.0 0.0 0.0 0.0 0.0 0.0 0.0 0.0 0.0
10 9 0.0 0.0 0.0 0.0 0.0 0.0 0.0 0.0 0.0 0.0
10 10 0.0 0.0 0.0 0.0 0.0 0.0 0.0 0.0 0.0 0.0
10 11 237.14599609375 -10.5 0.0 0.0 0.0 3.0 2.0 0.0 0.0 37.417579650878906
11 0 234.7604217529297 -6.764999866485596 0.06608012318611145 0.0 0.0 3.0 2.0 0.0 0.0 34.768836975097656
11 1 95.79097747802734 -4.440000057220459 0.022682134062051773 0.0 0.0 3.0 2.0 0.0 0.0 4.271968841552734
11 2 195.21771240234375 -1.5 0.0 0.0 0.0 3.0 2.0 0.0 0.0 4.511663436889648
11 3 149.5893096923828 -4.5 0.0 0.0 0.0 3.0 2.0 0.0 0.0 2.1356654167175293
11 4 111.06826782226562 -9.4796781539917 0.043742939829826355 0.0 0.0 3.0 2.0 0.0 0.0 1.4993637800216675
11 5 0.0 0.0 0.0 0.0 0.0 0.0 0.0 0.0 0.0 0.0
11 6 220.64515686035156 -4.5 0.0 0.0 0.0 3.0 2.0 0.0 0.0 20.699581146240234
11 7 0.0 0.0 0.0 0.0 0.0 0.0 0.0 0.0 0.0 0.0
11 8 0.0 0.0 0.0 0.0 0.0 0.0 0.0 0.0 0.0 0.0
11 9 0.0 0.0 0.0 0.0 0.0 0.0 0.0 0.0 0.0 0.0
11 10 0.0 0.0 0.0 0.0 0.0 0.0 0.0 0.0 0.0 0.0
11 11 239.95799255371094 -10.5 0.0 0.0 0.0 3.0 2.0 0.0 0.0 40.210594177246094
12 0 238.16041564941406 -6.539999961853027 0.07442369312047958 0.0 0.0 3.0 2.0 0.0 0.0 38.164241790771484
12 1 99.09697723388672 -4.364999771118164 0.03174976259469986 0.0 0.0 3.0 2.0 0.0 0.0 4.177567958831787
12 2 198.6077117919922 -1.5 0.0 0.0 0.0 3.0 2.0 0.0 0.0 4.501418590545654
12 3 152.7973175048828 -4.5 0.0 0.0 0.0 3.0 2.0 0.0 0.0 2.0575685501098633
12 4 114.14700317382812 -9.344919204711914 0.04219944030046463 0.0 0.0 3.0 2.0 0.0 0.0 1.516201138496399
12 5 0.0 0.0 0.0 0.0 0.0 0.0 0.0 0.0 0.0 0.0
12 6 223.8631591796875 -4.5 0.0 0.0 0.0 3.0 2.0 0.0 0.0 23.91025733947754
12 7 0.0 0.0 0.0 0.0 0.0 0.0 0.0 0.0 0.0 0.0
12 8 0.0 0.0 0.0 0.0 0.0 0.0 0.0 0.0 0.0 0.0
12 9 0.0 0.0 0.0 0.0 0.0 0.0 0.0 0.0 0.0 0.0
12 10 0.0 0.0 0.0 0.0 0.0 0.0 0.0 0.0 0.0 0.0
12 11 242.77000427246094 -10.5 0.0 0.0 0.0 3.0 2.0 0.0 0.0 43.006080627441406
13 0 241.58041381835938 -6.284999847412109 0.08316969126462936 0.0 0.0 3.0 2.0 0.0 0.0 41.58138656616211
13 1 102.4029769897461 -4.260000228881836 0.04083684831857681 0.0 0.0 3.0 2.0 0.0 0.0 4.118830680847168
13 2 201.99571228027344 -1.5 0.0 0.0 0.0 3.0 2.0 0.0 0.0 4.922688007354736
13 3 156.00730895996094 -4.5 0.0 0.0 0.0 3.0 2.0 0.0 0.0 1.9845077991485596
13 4 117.23193359375 -9.214658737182617 0.04065394029021263 0.0 0.0 3.0 2.0 0.0 0.0 1.505528211593628
13 5 0.0 0.0 0.0 0.0 0.0 0.0 0.0 0.0 0.0 0.0
13 6 227.07916259765625 -4.5 0.0 0.0 0.0 3.0 2.0 0.0 0.0 27.12067222595215
13 7 0.0 0.0 0.0 0.0 0.0 0.0 0.0 0.0 0.0 0.0
13 8 0.0 0.0 0.0 0.0 0.0 0.0 0.0 0.0 0.0 0.0
13 9 0.0 0.0 0.0 0.0 0.0 0.0 0.0 0.0 0.0 0.0
13 10 0.0 0.0 0.0 0.0 0.0 0.0 0.0 0.0 0.0 0.0
13 11 245.5800018310547 -10.5 0.005334231071174145 0.0 0.0 3.0 2.0 0.0 0.0 45.801597595214844
14 0 244.99923706054688 -6.0 0.08319684118032455 0.0 0.0 3.0 2.0 0.0 0.0 44.99924087524414
14 1 105.70697784423828 -4.125 0.04989801347255707 0.0 0.0 3.0 2.0 0.0 0.0 4.0995869636535645
14 2 205.38571166992188 -1.5 0.0 0.0 0.0 3.0 2.0 0.0 0.0 7.018252849578857
14 3 159.21531677246094 -4.5 0.0 0.0 0.0 3.0 2.0 0.0 0.0 1.916695237159729
14 4 120.31906127929688 -9.089085578918457 0.03910844027996063 0.0 0.0 3.0 2.0 0.0 0.0 1.5000429153442383
14 5 0.0 0.0 0.0 0.0 0.0 0.0 0.0 0.0 0.0 0.0
14 6 230.29315185546875 -4.5 0.0 0.0 0.0 3.0 2.0 0.0 0.0 30.330265045166016
14 7 0.0 0.0 0.0 0.0 0.0 0.0 0.0 0.0 0.0 0.0
14 8 0.0 0.0 0.0 0.0 0.0 0.0 0.0 0.0 0.0 0.0
14 9 0.0 0.0 0.0 0.0 0.0 0.0 0.0 0.0 0.0 0.0
14 10 0.0 0.0 0.0 0.0 0.0 0.0 0.0 0.0 0.0 0.0
14 11 248.39199829101562 -10.484999656677246 0.01600147970020771 0.0 0.0 3.0 2.0 0.0 0.0 48.59939193725586
15 0 248.4169464111328 -5.715000152587891 0.07447351515293121 0.0 0.0 3.0 2.0 0.0 0.0 48.417789459228516
15 1 109.01097869873047 -3.9600000381469727 0.058950986713171005 0.0 0.0 3.0 2.0 0.0 0.0 4.107364177703857
15 2 208.7757110595703 -1.5 0.0 0.0 0.0 3.0 2.0 0.0 0.0 9.862204551696777
15 3 162.4213104248047 -4.5 0.0 0.0 0.0 3.0 2.0 0.0 0.0 1.855930209159851
15 4 123.40438842773438 -8.968361854553223 0.037563443183898926 0.0 0.0 3.0 2.0 0.0 0.0 1.499295711517334
15 5 0.0 0.0 0.0 0.0 0.0 0.0 0.0 0.0 0.0 0.0
15 6 233.5071563720703 -4.5 0.0 0.0 0.0 3.0 2.0 0.0 0.0 33.54071807861328
15 7 0.0 0.0 0.0 0.0 0.0 0.0 0.0 0.0 0.0 0.0
15 8 0.0 0.0 0.0 0.0 0.0 0.0 0.0 0.0 0.0 0.0
15 9 0.0 0.0 0.0 0.0 0.0 0.0 0.0 0.0 0.0 0.0
15 10 0.0 0.0 0.0 0.0 0.0 0.0 0.0 0.0 0.0 0.0
15 11 0.0 0.0 0.0 0.0 0.0 0.0 0.0 0.0 0.0 0.0
16 0 0.0 0.0 0.0 0.0 0.0 0.0 0.0 0.0 0.0 0.0
16 1 112.31497955322266 -3.765000104904175 0.06799429655075073 0.0 0.0 3.0 2.0 0.0 0.0 4.1551289558410645
16 2 212.16770935058594 -1.5 0.0 0.0 0.0 3.0 2.0 0.0 0.0 12.97317123413086
16 3 165.62332153320312 -4.5 0.0 0.0 0.0 3.0 2.0 0.0 0.0 1.800203800201416
16 4 126.4898910522461 -8.852405548095703 0.03601844236254692 0.0 0.0 3.0 2.0 0.0 0.0 1.4998880624771118
16 5 0.0 0.0 0.0 0.0 0.0 0.0 0.0 0.0 0.0 0.0
16 6 236.72515869140625 -4.5 0.0 0.0 0.0 3.0 2.0 0.0 0.0 36.75577926635742
16 7 0.0 0.0 0.0 0.0 0.0 0.0 0.0 0.0 0.0 0.0
16 8 0.0 0.0 0.0 0.0 0.0 0.0 0.0 0.0 0.0 0.0
16 9 0.0 0.0 0.0 0.0 0.0 0.0 0.0 0.0 0.0 0.0
16 10 0.0 0.0 0.0 0.0 0.0 0.0 0.0 0.0 0.0 0.0
16 11 0.0 0.0 0.0 0.0 0.0 0.0 0.0 0.0 0.0 0.0
17 0 0.0 0.0 0.0 0.0 0.0 0.0 0.0 0.0 0.0 0.0
17 1 115.61898040771484 -3.5399999618530273 0.07693370431661606 0.0 0.0 3.0 2.0 0.0 0.0 4.239872455596924
17 2 215.55970764160156 -1.5 0.0 0.0 0.0 3.0 2.0 0.0 0.0 16.197362899780273
17 3 168.8273162841797 -4.5 0.0 0.0 0.0 3.0 2.0 0.0 0.0 1.7497462034225464
17 4 129.57557678222656 -8.741215705871582 0.034473441541194916 0.0 0.0 3.0 2.0 0.0 0.0 1.499178171157837
17 5 0.0 0.0 0.0 0.0 0.0 0.0 0.0 0.0 0.0 0.0
17 6 239.94515991210938 -4.5 0.0 0.0 0.0 3.0 2.0 0.0 0.0 39.97331237792969
17 7 0.0 0.0 0.0 0.0 0.0 0.0 0.0 0.0 0.0 0.0
17 8 0.0 0.0 0.0 0.0 0.0 0.0 0.0 0.0 0.0 0.0
17 9 0.0 0.0 0.0 0.0 0.0 0.0 0.0 0.0 0.0 0.0
17 10 0.0 0.0 0.0 0.0 0.0 0.0 0.0 0.0 0.0 0.0
17 11 0.0 0.0 0.0 0.0 0.0 0.0 0.0 0.0 0.0 0.0
18 0 0.0 0.0 0.0 0.0 0.0 0.0 0.0 0.0 0.0 0.0
18 1 118.9269790649414 -3.2850000858306885 0.08599428832530975 0.0 0.0 3.0 2.0 0.0 0.0 4.35590934753418
18 2 218.9517059326172 -1.5 0.0 0.0 0.0 3.0 2.0 0.0 0.0 19.478628158569336
18 3 172.03330993652344 -4.5 0.0 0.0 0.0 3.0 2.0 0.0 0.0 1.7047003507614136
18 4 132.6614227294922 -8.634794235229492 0.03292744234204292 0.0 0.0 3.0 2.0 0.0 0.0 1.5087790489196777
18 5 0.0 0.0 0.0 0.0 0.0 0.0 0.0 0.0 0.0 0.0
18 6 243.16116333007812 -4.5 0.0 0.0 0.0 3.0 2.0 0.0 0.0 43.187217712402344
18 7 0.0 0.0 0.0 0.0 0.0 0.0 0.0 0.0 0.0 0.0
18 8 0.0 0.0 0.0 0.0 0.0 0.0 0.0 0.0 0.0 0.0
18 9 0.0 0.0 0.0 0.0 0.0 0.0 0.0 0.0 0.0 0.0
18 10 0.0 0.0 0.0 0.0 0.0 0.0 0.0 0.0 0.0 0.0
18 11 0.0 0.0 0.0 0.0 0.0 0.0 0.0 0.0 0.0 0.0
19 0 0.0 0.0 0.0 0.0 0.0 0.0 0.0 0.0 0.0 0.0
19 1 122.23297882080078 -3.0 0.08604609221220016 0.0 0.0 3.0 2.0 0.0 0.0 4.509152889251709
19 2 222.34771728515625 -1.5 0.0 0.0 0.0 3.0 2.0 0.0 0.0 22.796283721923828
19 3 175.23731994628906 -4.5 0.0 0.0 0.0 3.0 2.0 0.0 0.0 1.665703296661377
19 4 135.7514190673828 -8.533011436462402 0.03137994185090065 0.0 0.0 3.0 2.0 0.0 0.0 1.5020493268966675
19 5 0.0 0.0 0.0 0.0 0.0 0.0 0.0 0.0 0.0 0.0
19 6 246.3811492919922 -4.5 0.0 0.0 0.0 3.0 2.0 0.0 0.0 46.405399322509766
19 7 0.0 0.0 0.0 0.0 0.0 0.0 0.0 0.0 0.0 0.0
19 8 0.0 0.0 0.0 0.0 0.0 0.0 0.0 0.0 0.0 0.0
19 9 0.0 0.0 0.0 0.0 0.0 0.0 0.0 0.0 0.0 0.0
19 10 0.0 0.0 0.0 0.0 0.0 0.0 0.0 0.0 0.0 0.0
19 11 0.0 0.0 0.0 0.0 0.0 0.0 0.0 0.0 0.0 0.0
20 0 0.0 0.0 0.0 0.0 0.0 0.0 0.0 0.0 0.0 0.0
20 1 125.53697967529297 -2.7149999141693115 0.07707294821739197 0.0 0.0 3.0 2.0 0.0 0.0 4.669675827026367
20 2 225.74371337890625 -1.5 0.0 0.0 0.0 3.0 2.0 0.0 0.0 26.134050369262695
20 3 178.44131469726562 -4.5 0.0 0.0 0.0 3.0 2.0 0.0 0.0 1.6169390678405762
20 4 138.8435821533203 -8.435948371887207 0.02983144111931324 0.0 0.0 3.0 2.0 0.0 0.0 1.50005304813385
20 5 0.0 0.0 0.0 0.0 0.0 0.0 0.0 0.0 0.0 0.0
20 6 249.59515380859375 -4.5 0.0 0.0 0.0 3.0 2.0 0.0 0.0 49.617828369140625
20 7 0.0 0.0 0.0 0.0 0.0 0.0 0.0 0.0 0.0 0.0
20 8 0.0 0.0 0.0 0.0 0.0 0.0 0.0 0.0 0.0 0.0
20 9 0.0 0.0 0.0 0.0 0.0 0.0 0.0 0.0 0.0 0.0
20 10 0.0 0.0 0.0 0.0 0.0 0.0 0.0 0.0 0.0 0.0
20 11 0.0 0.0 0.0 0.0 0.0 0.0 0.0 0.0 0.0 0.0
21 0 0.0 0.0 0.0 0.0 0.0 0.0 0.0 0.0 0.0 0.0
21 1 128.83897399902344 -2.4600000381469727 0.06811761111021042 0.0 0.0 3.0 2.0 0.0 0.0 4.808387279510498
21 2 229.13970947265625 -1.5 0.0 0.0 0.0 3.0 2.0 0.0 0.0 29.485126495361328
21 3 181.64932250976562 -4.5 0.0 0.0 0.0 3.0 2.0 0.0 0.0 1.5851629972457886
21 4 141.9378662109375 -8.343613624572754 0.02828294225037098 0.0 0.0 3.0 2.0 0.0 0.0 1.499245285987854
21 5 0.0 0.0 0.0 0.0 0.0 0.0 0.0 0.0 0.0 0.0
21 6 0.0 0.0 0.0 0.0 0.0 0.0 0.0 0.0 0.0 0.0
21 7 0.0 0.0 0.0 0.0 0.0 0.0 0.0 0.0 0.0 0.0
21 8 0.0 0.0 0.0 0.0 0.0 0.0 0.0 0.0 0.0 0.0
21 9 0.0 0.0 0.0 0.0 0.0 0.0 0.0 0.0 0.0 0.0
21 10 0.0 0.0 0.0 0.0 0.0 0.0 0.0 0.0 0.0 0.0
21 11 0.0 0.0 0.0 0.0 0.0 0.0 0.0 0.0 0.0 0.0
22 0 0.0 0.0 0.0 0.0 0.0 0.0 0.0 0.0 0.0 0.0
22 1 132.13697814941406 -2.234999895095825 0.059093739837408066 0.0 0.0 3.0 2.0 0.0 0.0 4.914863109588623
22 2 232.53370666503906 -1.5 0.0 0.0 0.0 3.0 2.0 0.0 0.0 32.843441009521484
22 3 184.85731506347656 -4.5 0.0 0.0 0.0 3.0 2.0 0.0 0.0 1.5581438541412354
22 4 145.0303192138672 -8.256126403808594 0.026734940707683563 0.0 0.0 3.0 2.0 0.0 0.0 1.4989601373672485
22 5 0.0 0.0 0.0 0.0 0.0 0.0 0.0 0.0 0.0 0.0
22 6 0.0 0.0 0.0 0.0 0.0 0.0 0.0 0.0 0.0 0.0
22 7 0.0 0.0 0.0 0.0 0.0 0.0 0.0 0.0 0.0 0.0
22 8 0.0 0.0 0.0 0.0 0.0 0.0 0.0 0.0 0.0 0.0
22 9 0.0 0.0 0.0 0.0 0.0 0.0 0.0 0.0 0.0 0.0
22 10 0.0 0.0 0.0 0.0 0.0 0.0 0.0 0.0 0.0 0.0
22 11 0.0 0.0 0.0 0.0 0.0 0.0 0.0 0.0 0.0 0.0
23 0 0.0 0.0 0.0 0.0 0.0 0.0 0.0 0.0 0.0 0.0
23 1 135.4329833984375 -2.0399999618530273 0.050018925219774246 0.0 0.0 3.0 2.0 0.0 0.0 5.000604629516602
23 2 235.92771911621094 -1.5 0.0 0.0 0.0 3.0 2.0 0.0 0.0 36.208438873291016
23 3 188.0633087158203 -4.5 0.0 0.0 0.0 3.0 2.0 0.0 0.0 1.535892128944397
23 4 148.1228790283203 -8.17342758178711 0.025186441838741302 0.0 0.0 3.0 2.0 0.0 0.0 1.4991624355316162
23 5 0.0 0.0 0.0 0.0 0.0 0.0 0.0 0.0 0.0 0.0
23 6 0.0 0.0 0.0 0.0 0.0 0.0 0.0 0.0 0.0 0.0
23 7 0.0 0.0 0.0 0.0 0.0 0.0 0.0 0.0 0.0 0.0
23 8 0.0 0.0 0.0 0.0 0.0 0.0 0.0 0.0 0.0 0.0
23 9 0.0 0.0 0.0 0.0 0.0 0.0 0.0 0.0 0.0 0.0
23 10 0.0 0.0 0.0 0.0 0.0 0.0 0.0 0.0 0.0 0.0
23 11 0.0 0.0 0.0 0.0 0.0 0.0 0.0 0.0 0.0 0.0
24 0 0.0 0.0 0.0 0.0 0.0 0.0 0.0 0.0 0.0 0.0
24 1 138.72897338867188 -1.875 0.04091105982661247 0.0 0.0 3.0 2.0 0.0 0.0 5.062347412109375
24 2 239.31971740722656 -1.5 0.0 0.0 0.0 3.0 2.0 0.0 0.0 39.576385498046875
24 3 191.26931762695312 -4.5 0.0 0.0 0.0 3.0 2.0 0.0 0.0 1.5195350646972656
24 4 151.2175750732422 -8.095466613769531 0.023636940866708755 0.0 0.0 3.0 2.0 0.0 0.0 1.5080546140670776
24 5 0.0 0.0 0.0 0.0 0.0 0.0 0.0 0.0 0.0 0.0
24 6 0.0 0.0 0.0 0.0 0.0 0.0 0.0 0.0 0.0 0.0
24 7 0.0 0.0 0.0 0.0 0.0 0.0 0.0 0.0 0.0 0.0
24 8 0.0 0.0 0.0 0.0 0.0 0.0 0.0 0.0 0.0 0.0
24 9 0.0 0.0 0.0 0.0 0.0 0.0 0.0 0.0 0.0 0.0
24 10 0.0 0.0 0.0 0.0 0.0 0.0 0.0 0.0 0.0 0.0
24 11 0.0 0.0 0.0 0.0 0.0 0.0 0.0 0.0 0.0 0.0
25 0 0.0 0.0 0.0 0.0 0.0 0.0 0.0 0.0 0.0 0.0
25 1 142.0269775390625 -1.7400000095367432 0.03180745244026184 0.0 0.0 3.0 2.0 0.0 0.0 5.103569984436035
25 2 242.709716796875 -1.5 0.0 0.0 0.0 3.0 2.0 0.0 0.0 42.94613265991211
25 3 194.47531127929688 -4.5 0.0 0.0 0.0 3.0 2.0 0.0 0.0 1.508575439453125
25 4 154.31439208984375 -8.02225399017334 0.022087441757321358 0.0 0.0 3.0 2.0 0.0 0.0 1.5014710426330566
25 5 0.0 0.0 0.0 0.0 0.0 0.0 0.0 0.0 0.0 0.0
25 6 0.0 0.0 0.0 0.0 0.0 0.0 0.0 0.0 0.0 0.0
25 7 0.0 0.0 0.0 0.0 0.0 0.0 0.0 0.0 0.0 0.0
25 8 0.0 0.0 0.0 0.0 0.0 0.0 0.0 0.0 0.0 0.0
25 9 0.0 0.0 0.0 0.0 0.0 0.0 0.0 0.0 0.0 0.0
25 10 0.0 0.0 0.0 0.0 0.0 0.0 0.0 0.0 0.0 0.0
25 11 0.0 0.0 0.0 0.0 0.0 0.0 0.0 0.0 0.0 0.0
26 0 0.0 0.0 0.0 0.0 0.0 0.0 0.0 0.0 0.0 0.0
26 1 145.3269805908203 -1.6349999904632568 0.022723359987139702 0.0 0.0 3.0 2.0 0.0 0.0 5.111480712890625
26 2 246.09371948242188 -1.5 0.0 0.0 0.0 3.0 2.0 0.0 0.0 46.31285858154297
26 3 197.6773223876953 -4.5 0.0 0.0 0.0 3.0 2.0 0.0 0.0 1.5023692846298218
26 4 157.40931701660156 -7.953883647918701 0.02053794078528881 0.0 0.0 3.0 2.0 0.0 0.0 1.498978614807129
26 5 0.0 0.0 0.0 0.0 0.0 0.0 0.0 0.0 0.0 0.0
26 6 0.0 0.0 0.0 0.0 0.0 0.0 0.0 0.0 0.0 0.0
26 7 0.0 0.0 0.0 0.0 0.0 0.0 0.0 0.0 0.0 0.0
26 8 0.0 0.0 0.0 0.0 0.0 0.0 0.0 0.0 0.0 0.0
26 9 0.0 0.0 0.0 0.0 0.0 0.0 0.0 0.0 0.0 0.0
26 10 0.0 0.0 0.0 0.0 0.0 0.0 0.0 0.0 0.0 0.0
26 11 0.0 0.0 0.0 0.0 0.0 0.0 0.0 0.0 0.0 0.0
27 0 0.0 0.0 0.0 0.0 0.0 0.0 0.0 0.0 0.0 0.0
27 1 148.62698364257812 -1.559999942779541 0.013652064837515354 0.0 0.0 3.0 2.0 0.0 0.0 5.099255561828613
27 2 249.4777069091797 -1.5 0.0 0.0 0.0 3.0 2.0 0.0 0.0 49.681915283203125
27 3 200.88331604003906 -4.5 0.0 0.0 0.0 3.0 2.0 0.0 0.0 1.7407625913619995
27 4 160.50633239746094 -7.890268325805664 0.01898794062435627 0.0 0.0 3.0 2.0 0.0 0.0 1.4990994930267334
27 5 0.0 0.0 0.0 0.0 0.0 0.0 0.0 0.0 0.0 0.0
27 6 0.0 0.0 0.0 0.0 0.0 0.0 0.0 0.0 0.0 0.0
27 7 0.0 0.0 0.0 0.0 0.0 0.0 0.0 0.0 0.0 0.0
27 8 0.0 0.0 0.0 0.0 0.0 0.0 0.0 0.0 0.0 0.0
27 9 0.0 0.0 0.0 0.0 0.0 0.0 0.0 0.0 0.0 0.0
27 10 0.0 0.0 0.0 0.0 0.0 0.0 0.0 0.0 0.0 0.0
27 11 0.0 0.0 0.0 0.0 0.0 0.0 0.0 0.0 0.0 0.0
28 0 0.0 0.0 0.0 0.0 0.0 0.0 0.0 0.0 0.0 0.0
28 1 151.9229736328125 -1.5149999856948853 0.0045481794513762 0.0 0.0 3.0 2.0 0.0 0.0 5.063442707061768
28 2 0.0 0.0 0.0 0.0 0.0 0.0 0.0 0.0 0.0 0.0
28 3 204.0893096923828 -4.5 0.0 0.0 0.0 3.0 2.0 0.0 0.0 4.355738162994385
28 4 163.60345458984375 -7.831453323364258 0.017438940703868866 0.0 0.0 3.0 2.0 0.0 0.0 1.4997081756591797
28 5 0.0 0.0 0.0 0.0 0.0 0.0 0.0 0.0 0.0 0.0
28 6 0.0 0.0 0.0 0.0 0.0 0.0 0.0 0.0 0.0 0.0
28 7 0.0 0.0 0.0 0.0 0.0 0.0 0.0 0.0 0.0 0.0
28 8 0.0 0.0 0.0 0.0 0.0 0.0 0.0 0.0 0.0 0.0
28 9 0.0 0.0 0.0 0.0 0.0 0.0 0.0 0.0 0.0 0.0
28 10 0.0 0.0 0.0 0.0 0.0 0.0 0.0 0.0 0.0 0.0
28 11 0.0 0.0 0.0 0.0 0.0 0.0 0.0 0.0 0.0 0.0
29 0 0.0 0.0 0.0 0.0 0.0 0.0 0.0 0.0 0.0 0.0
29 1 155.22097778320312 -1.5 0.0 0.0 0.0 3.0 2.0 0.0 0.0 5.005260467529297
29 2 0.0 0.0 0.0 0.0 0.0 0.0 0.0 0.0 0.0 0.0
29 3 207.2973175048828 -4.5 0.0 0.0 0.0 3.0 2.0 0.0 0.0 7.449891090393066
29 4 166.6966552734375 -7.777505397796631 0.015891442075371742 0.0 0.0 3.0 2.0 0.0 0.0 1.4994235038757324
29 5 0.0 0.0 0.0 0.0 0.0 0.0 0.0 0.0 0.0 0.0
29 6 0.0 0.0 0.0 0.0 0.0 0.0 0.0 0.0 0.0 0.0
29 7 0.0 0.0 0.0 0.0 0.0 0.0 0.0 0.0 0.0 0.0
29 8 0.0 0.0 0.0 0.0 0.0 0.0 0.0 0.0 0.0 0.0
29 9 0.0 0.0 0.0 0.0 0.0 0.0 0.0 0.0 0.0 0.0
29 10 0.0 0.0 0.0 0.0 0.0 0.0 0.0 0.0 0.0 0.0
29 11 0.0 0.0 0.0 0.0 0.0 0.0 0.0 0.0 0.0 0.0
30 0 0.0 0.0 0.0 0.0 0.0 0.0 0.0 0.0 0.0 0.0
30 1 158.51498413085938 -1.5 0.0 0.0 0.0 3.0 2.0 0.0 0.0 4.929738521575928
30 2 0.0 0.0 0.0 0.0 0.0 0.0 0.0 0.0 0.0 0.0
30 3 210.50131225585938 -4.5 0.0 0.0 0.0 3.0 2.0 0.0 0.0 10.607898712158203
30 4 169.78794860839844 -7.728376388549805 0.01434394158422947 0.0 0.0 3.0 2.0 0.0 0.0 1.5064138174057007
30 5 0.0 0.0 0.0 0.0 0.0 0.0 0.0 0.0 0.0 0.0
30 6 0.0 0.0 0.0 0.0 0.0 0.0 0.0 0.0 0.0 0.0
30 7 0.0 0.0 0.0 0.0 0.0 0.0 0.0 0.0 0.0 0.0
30 8 0.0 0.0 0.0 0.0 0.0 0.0 0.0 0.0 0.0 0.0
30 9 0.0 0.0 0.0 0.0 0.0 0.0 0.0 0.0 0.0 0.0
30 10 0.0 0.0 0.0 0.0 0.0 0.0 0.0 0.0 0.0 0.0
30 11 0.0 0.0 0.0 0.0 0.0 0.0 0.0 0.0 0.0 0.0
31 0 0.0 0.0 0.0 0.0 0.0 0.0 0.0 0.0 0.0 0.0
31 1 161.80897521972656 -1.5 0.0 0.0 0.0 3.0 2.0 0.0 0.0 4.8647141456604
31 2 0.0 0.0 0.0 0.0 0.0 0.0 0.0 0.0 0.0 0.0
31 3 213.705322265625 -4.5 0.0 0.0 0.0 3.0 2.0 0.0 0.0 13.787160873413086
31 4 172.8813018798828 -7.68400239944458 0.012796441093087196 0.0 0.0 3.0 2.0 0.0 0.0 1.5007535219192505
31 5 0.0 0.0 0.0 0.0 0.0 0.0 0.0 0.0 0.0 0.0
31 6 0.0 0.0 0.0 0.0 0.0 0.0 0.0 0.0 0.0 0.0
31 7 0.0 0.0 0.0 0.0 0.0 0.0 0.0 0.0 0.0 0.0
31 8 0.0 0.0 0.0 0.0 0.0 0.0 0.0 0.0 0.0 0.0
31 9 0.0 0.0 0.0 0.0 0.0 0.0 0.0 0.0 0.0 0.0
31 10 0.0 0.0 0.0 0.0 0.0 0.0 0.0 0.0 0.0 0.0
31 11 0.0 0.0 0.0 0.0 0.0 0.0 0.0 0.0 0.0 0.0
32 0 0.0 0.0 0.0 0.0 0.0 0.0 0.0 0.0 0.0 0.0
32 1 165.1029815673828 -1.5 0.0 0.0 0.0 3.0 2.0 0.0 0.0 4.805932521820068
32 2 0.0 0.0 0.0 0.0 0.0 0.0 0.0 0.0 0.0 0.0
32 3 216.91331481933594 -4.5 0.0 0.0 0.0 3.0 2.0 0.0 0.0 16.97969627380371
32 4 175.9727325439453 -7.6444411277771 0.01124844141304493 0.0 0.0 3.0 2.0 0.0 0.0 1.4995958805084229
32 5 0.0 0.0 0.0 0.0 0.0 0.0 0.0 0.0 0.0 0.0
32 6 0.0 0.0 0.0 0.0 0.0 0.0 0.0 0.0 0.0 0.0
32 7 0.0 0.0 0.0 0.0 0.0 0.0 0.0 0.0 0.0 0.0
32 8 0.0 0.0 0.0 0.0 0.0 0.0 0.0 0.0 0.0 0.0
32 9 0.0 0.0 0.0 0.0 0.0 0.0 0.0 0.0 0.0 0.0
32 10 0.0 0.0 0.0 0.0 0.0 0.0 0.0 0.0 0.0 0.0
32 11 0.0 0.0 0.0 0.0 0.0 0.0 0.0 0.0 0.0 0.0
33 0 0.0 0.0 0.0 0.0 0.0 0.0 0.0 0.0 0.0 0.0
33 1 168.3949737548828 -1.5 0.0 0.0 0.0 3.0 2.0 0.0 0.0 4.754718780517578
33 2 0.0 0.0 0.0 0.0 0.0 0.0 0.0 0.0 0.0 0.0
33 3 220.1173095703125 -4.5 0.0 0.0 0.0 3.0 2.0 0.0 0.0 20.173154830932617
33 4 179.06820678710938 -7.609620094299316 0.009699441492557526 0.0 0.0 3.0 2.0 0.0 0.0 1.4995213747024536
33 5 0.0 0.0 0.0 0.0 0.0 0.0 0.0 0.0 0.0 0.0
33 6 0.0 0.0 0.0 0.0 0.0 0.0 0.0 0.0 0.0 0.0
33 7 0.0 0.0 0.0 0.0 0.0 0.0 0.0 0.0 0.0 0.0
33 8 0.0 0.0 0.0 0.0 0.0 0.0 0.0 0.0 0.0 0.0
33 9 0.0 0.0 0.0 0.0 0.0 0.0 0.0 0.0 0.0 0.0
33 10 0.0 0.0 0.0 0.0 0.0 0.0 0.0 0.0 0.0 0.0
33 11 0.0 0.0 0.0 0.0 0.0 0.0 0.0 0.0 0.0 0.0
34 0 0.0 0.0 0.0 0.0 0.0 0.0 0.0 0.0 0.0 0.0
34 1 171.6829833984375 -1.5 0.0 0.0 0.0 3.0 2.0 0.0 0.0 4.700302600860596
34 2 0.0 0.0 0.0 0.0 0.0 0.0 0.0 0.0 0.0 0.0
34 3 223.3253173828125 -4.5 0.0 0.0 0.0 3.0 2.0 0.0 0.0 23.37350082397461
34 4 182.1637420654297 -7.579594135284424 0.008151441812515259 0.0 0.0 3.0 2.0 0.0 0.0 1.4990253448486328
34 5 0.0 0.0 0.0 0.0 0.0 0.0 0.0 0.0 0.0 0.0
34 6 0.0 0.0 0.0 0.0 0.0 0.0 0.0 0.0 0.0 0.0
34 7 0.0 0.0 0.0 0.0 0.0 0.0 0.0 0.0 0.0 0.0
34 8 0.0 0.0 0.0 0.0 0.0 0.0 0.0 0.0 0.0 0.0
34 9 0.0 0.0 0.0 0.0 0.0 0.0 0.0 0.0 0.0 0.0
34 10 0.0 0.0 0.0 0.0 0.0 0.0 0.0 0.0 0.0 0.0
34 11 0.0 0.0 0.0 0.0 0.0 0.0 0.0 0.0 0.0 0.0
35 0 0.0 0.0 0.0 0.0 0.0 0.0 0.0 0.0 0.0 0.0
35 1 174.9729766845703 -1.5 0.0 0.0 0.0 3.0 2.0 0.0 0.0 4.656661033630371
35 2 0.0 0.0 0.0 0.0 0.0 0.0 0.0 0.0 0.0 0.0
35 3 226.53330993652344 -4.5 0.0 0.0 0.0 3.0 2.0 0.0 0.0 26.57567596435547
35 4 185.2553253173828 -7.5543928146362305 0.006605941336601973 0.0 0.0 3.0 2.0 0.0 0.0 1.5137174129486084
35 5 0.0 0.0 0.0 0.0 0.0 0.0 0.0 0.0 0.0 0.0
35 6 0.0 0.0 0.0 0.0 0.0 0.0 0.0 0.0 0.0 0.0
35 7 0.0 0.0 0.0 0.0 0.0 0.0 0.0 0.0 0.0 0.0
35 8 0.0 0.0 0.0 0.0 0.0 0.0 0.0 0.0 0.0 0.0
35 9 0.0 0.0 0.0 0.0 0.0 0.0 0.0 0.0 0.0 0.0
35 10 0.0 0.0 0.0 0.0 0.0 0.0 0.0 0.0 0.0 0.0
35 11 0.0 0.0 0.0 0.0 0.0 0.0 0.0 0.0 0.0 0.0
36 0 0.0 0.0 0.0 0.0 0.0 0.0 0.0 0.0 0.0 0.0
36 1 178.260986328125 -1.5 0.0 0.0 0.0 3.0 2.0 0.0 0.0 4.619486331939697
36 2 0.0 0.0 0.0 0.0 0.0 0.0 0.0 0.0 0.0 0.0
36 3 229.747314453125 -4.5 0.0 0.0 0.0 3.0 2.0 0.0 0.0 29.785104751586914
36 4 188.34092712402344 -7.5340094566345215 0.005061441566795111 0.0 0.0 3.0 2.0 0.0 0.0 1.5046616792678833
36 5 0.0 0.0 0.0 0.0 0.0 0.0 0.0 0.0 0.0 0.0
36 6 0.0 0.0 0.0 0.0 0.0 0.0 0.0 0.0 0.0 0.0
36 7 0.0 0.0 0.0 0.0 0.0 0.0 0.0 0.0 0.0 0.0
36 8 0.0 0.0 0.0 0.0 0.0 0.0 0.0 0.0 0.0 0.0
36 9 0.0 0.0 0.0 0.0 0.0 0.0 0.0 0.0 0.0 0.0
36 10 0.0 0.0 0.0 0.0 0.0 0.0 0.0 0.0 0.0 0.0
36 11 0.0 0.0 0.0 0.0 0.0 0.0 0.0 0.0 0.0 0.0
37 0 0.0 0.0 0.0 0.0 0.0 0.0 0.0 0.0 0.0 0.0
37 1 181.5649871826172 -1.5 0.0 0.0 0.0 3.0 2.0 0.0 0.0 4.590211391448975
37 2 0.0 0.0 0.0 0.0 0.0 0.0 0.0 0.0 0.0 0.0
37 3 232.9573211669922 -4.5 0.0 0.0 0.0 3.0 2.0 0.0 0.0 32.99143600463867
37 4 191.42857360839844 -7.518381118774414 0.0035164414439350367 0.0 0.0 3.0 2.0 0.0 0.0 1.5000922679901123
37 5 0.0 0.0 0.0 0.0 0.0 0.0 0.0 0.0 0.0 0.0
37 6 0.0 0.0 0.0 0.0 0.0 0.0 0.0 0.0 0.0 0.0
37 7 0.0 0.0 0.0 0.0 0.0 0.0 0.0 0.0 0.0 0.0
37 8 0.0 0.0 0.0 0.0 0.0 0.0 0.0 0.0 0.0 0.0
37 9 0.0 0.0 0.0 0.0 0.0 0.0 0.0 0.0 0.0 0.0
37 10 0.0 0.0 0.0 0.0 0.0 0.0 0.0 0.0 0.0 0.0
37 11 0.0 0.0 0.0 0.0 0.0 0.0 0.0 0.0 0.0 0.0
38 0 0.0 0.0 0.0 0.0 0.0 0.0 0.0 0.0 0.0 0.0
38 1 184.86898803710938 -1.5 0.0 0.0 0.0 3.0 2.0 0.0 0.0 4.557983875274658
38 2 0.0 0.0 0.0 0.0 0.0 0.0 0.0 0.0 0.0 0.0
38 3 236.1693115234375 -4.5 0.0 0.0 0.0 3.0 2.0 0.0 0.0 36.200401306152344
38 4 194.5162353515625 -7.507523536682129 0.0019714413210749626 0.0 0.0 3.0 2.0 0.0 0.0 1.4990593194961548
38 5 0.0 0.0 0.0 0.0 0.0 0.0 0.0 0.0 0.0 0.0
38 6 0.0 0.0 0.0 0.0 0.0 0.0 0.0 0.0 0.0 0.0
38 7 0.0 0.0 0.0 0.0 0.0 0.0 0.0 0.0 0.0 0.0
38 8 0.0 0.0 0.0 0.0 0.0 0.0 0.0 0.0 0.0 0.0
38 9 0.0 0.0 0.0 0.0 0.0 0.0 0.0 0.0 0.0 0.0
38 10 0.0 0.0 0.0 0.0 0.0 0.0 0.0 0.0 0.0 0.0
38 11 0.0 0.0 0.0 0.0 0.0 0.0 0.0 0.0 0.0 0.0
39 0 0.0 0.0 0.0 0.0 0.0 0.0 0.0 0.0 0.0 0.0
39 1 188.1729736328125 -1.5 0.0 0.0 0.0 3.0 2.0 0.0 0.0 4.5352935791015625
39 2 0.0 0.0 0.0 0.0 0.0 0.0 0.0 0.0 0.0 0.0
39 3 239.38331604003906 -4.5 0.0 0.0 0.0 3.0 2.0 0.0 0.0 39.4118766784668
39 4 197.60391235351562 -7.501436233520508 0.00046451768139377236 0.0 0.0 3.0 2.0 0.0 0.0 1.4989901781082153
39 5 0.0 0.0 0.0 0.0 0.0 0.0 0.0 0.0 0.0 0.0
39 6 0.0 0.0 0.0 0.0 0.0 0.0 0.0 0.0 0.0 0.0
39 7 0.0 0.0 0.0 0.0 0.0 0.0 0.0 0.0 0.0 0.0
39 8 0.0 0.0 0.0 0.0 0.0 0.0 0.0 0.0 0.0 0.0
39 9 0.0 0.0 0.0 0.0 0.0 0.0 0.0 0.0 0.0 0.0
39 10 0.0 0.0 0.0 0.0 0.0 0.0 0.0 0.0 0.0 0.0
39 11 0.0 0.0 0.0 0.0 0.0 0.0 0.0 0.0 0.0 0.0
40 0 0.0 0.0 0.0 0.0 0.0 0.0 0.0 0.0 0.0 0.0
40 1 191.47897338867188 -1.5 0.0 0.0 0.0 3.0 2.0 0.0 0.0 4.519987106323242
40 2 0.0 0.0 0.0 0.0 0.0 0.0 0.0 0.0 0.0 0.0
40 3 242.59532165527344 -4.5 0.0 0.0 0.0 3.0 2.0 0.0 0.0 42.62172317504883
40 4 200.6961212158203 -7.5 0.0 0.0 0.0 3.0 2.0 0.0 0.0 1.6536574363708496
40 5 0.0 0.0 0.0 0.0 0.0 0.0 0.0 0.0 0.0 0.0
40 6 0.0 0.0 0.0 0.0 0.0 0.0 0.0 0.0 0.0 0.0
40 7 0.0 0.0 0.0 0.0 0.0 0.0 0.0 0.0 0.0 0.0
40 8 0.0 0.0 0.0 0.0 0.0 0.0 0.0 0.0 0.0 0.0
40 9 0.0 0.0 0.0 0.0 0.0 0.0 0.0 0.0 0.0 0.0
40 10 0.0 0.0 0.0 0.0 0.0 0.0 0.0 0.0 0.0 0.0
40 11 0.0 0.0 0.0 0.0 0.0 0.0 0.0 0.0 0.0 0.0
41 0 0.0 0.0 0.0 0.0 0.0 0.0 0.0 0.0 0.0 0.0
41 1 194.7869873046875 -1.5 0.0 0.0 0.0 3.0 2.0 0.0 0.0 4.507607460021973
41 2 0.0 0.0 0.0 0.0 0.0 0.0 0.0 0.0 0.0 0.0
41 3 245.80531311035156 -4.5 0.0 0.0 0.0 3.0 2.0 0.0 0.0 45.829864501953125
41 4 203.78611755371094 -7.5 0.0 0.0 0.0 3.0 2.0 0.0 0.0 4.072432041168213
41 5 0.0 0.0 0.0 0.0 0.0 0.0 0.0 0.0 0.0 0.0
41 6 0.0 0.0 0.0 0.0 0.0 0.0 0.0 0.0 0.0 0.0
41 7 0.0 0.0 0.0 0.0 0.0 0.0 0.0 0.0 0.0 0.0
41 8 0.0 0.0 0.0 0.0 0.0 0.0 0.0 0.0 0.0 0.0
41 9 0.0 0.0 0.0 0.0 0.0 0.0 0.0 0.0 0.0 0.0
41 10 0.0 0.0 0.0 0.0 0.0 0.0 0.0 0.0 0.0 0.0
41 11 0.0 0.0 0.0 0.0 0.0 0.0 0.0 0.0 0.0 0.0
42 0 0.0 0.0 0.0 0.0 0.0 0.0 0.0 0.0 0.0 0.0
42 1 198.09498596191406 -1.5 0.0 0.0 0.0 3.0 2.0 0.0 0.0 4.501941680908203
42 2 0.0 0.0 0.0 0.0 0.0 0.0 0.0 0.0 0.0 0.0
42 3 249.01531982421875 -4.5 0.0 0.0 0.0 3.0 2.0 0.0 0.0 49.038265228271484
42 4 206.87611389160156 -7.5 0.0 0.0 0.0 3.0 2.0 0.0 0.0 7.037818431854248
42 5 0.0 0.0 0.0 0.0 0.0 0.0 0.0 0.0 0.0 0.0
42 6 0.0 0.0 0.0 0.0 0.0 0.0 0.0 0.0 0.0 0.0
42 7 0.0 0.0 0.0 0.0 0.0 0.0 0.0 0.0 0.0 0.0
42 8 0.0 0.0 0.0 0.0 0.0 0.0 0.0 0.0 0.0 0.0
42 9 0.0 0.0 0.0 0.0 0.0 0.0 0.0 0.0 0.0 0.0
42 10 0.0 0.0 0.0 0.0 0.0 0.0 0.0 0.0 0.0 0.0
42 11 0.0 0.0 0.0 0.0 0.0 0.0 0.0 0.0 0.0 0.0
43 0 0.0 0.0 0.0 0.0 0.0 0.0 0.0 0.0 0.0 0.0
43 1 201.40298461914062 -1.5 0.0 0.0 0.0 3.0 2.0 0.0 0.0 4.713634967803955
43 2 0.0 0.0 0.0 0.0 0.0 0.0 0.0 0.0 0.0 0.0
43 3 0.0 0.0 0.0 0.0 0.0 0.0 0.0 0.0 0.0 0.0
43 4 209.96812438964844 -7.5 0.0 0.0 0.0 3.0 2.0 0.0 0.0 10.080348014831543
43 5 0.0 0.0 0.0 0.0 0.0 0.0 0.0 0.0 0.0 0.0
43 6 0.0 0.0 0.0 0.0 0.0 0.0 0.0 0.0 0.0 0.0
43 7 0.0 0.0 0.0 0.0 0.0 0.0 0.0 0.0 0.0 0.0
43 8 0.0 0.0 0.0 0.0 0.0 0.0 0.0 0.0 0.0 0.0
43 9 0.0 0.0 0.0 0.0 0.0 0.0 0.0 0.0 0.0 0.0
43 10 0.0 0.0 0.0 0.0 0.0 0.0 0.0 0.0 0.0 0.0
43 11 0.0 0.0 0.0 0.0 0.0 0.0 0.0 0.0 0.0 0.0
44 0 0.0 0.0 0.0 0.0 0.0 0.0 0.0 0.0 0.0 0.0
44 1 204.7109832763672 -1.5 0.0 0.0 0.0 3.0 2.0 0.0 0.0 6.514854907989502
44 2 0.0 0.0 0.0 0.0 0.0 0.0 0.0 0.0 0.0 0.0
44 3 0.0 0.0 0.0 0.0 0.0 0.0 0.0 0.0 0.0 0.0
44 4 213.06011962890625 -7.5 0.0 0.0 0.0 3.0 2.0 0.0 0.0 13.145977973937988
44 5 0.0 0.0 0.0 0.0 0.0 0.0 0.0 0.0 0.0 0.0
44 6 0.0 0.0 0.0 0.0 0.0 0.0 0.0 0.0 0.0 0.0
44 7 0.0 0.0 0.0 0.0 0.0 0.0 0.0 0.0 0.0 0.0
44 8 0.0 0.0 0.0 0.0 0.0 0.0 0.0 0.0 0.0 0.0
44 9 0.0 0.0 0.0 0.0 0.0 0.0 0.0 0.0 0.0 0.0
44 10 0.0 0.0 0.0 0.0 0.0 0.0 0.0 0.0 0.0 0.0
44 11 0.0 0.0 0.0 0.0 0.0 0.0 0.0 0.0 0.0 0.0
45 0 0.0 0.0 0.0 0.0 0.0 0.0 0.0 0.0 0.0 0.0
45 1 208.01898193359375 -1.5 0.0 0.0 0.0 3.0 2.0 0.0 0.0 9.195326805114746
45 2 0.0 0.0 0.0 0.0 0.0 0.0 0.0 0.0 0.0 0.0
45 3 0.0 0.0 0.0 0.0 0.0 0.0 0.0 0.0 0.0 0.0
45 4 216.15411376953125 -7.5 0.0 0.0 0.0 3.0 2.0 0.0 0.0 16.223602294921875
45 5 0.0 0.0 0.0 0.0 0.0 0.0 0.0 0.0 0.0 0.0
45 6 0.0 0.0 0.0 0.0 0.0 0.0 0.0 0.0 0.0 0.0
45 7 0.0 0.0 0.0 0.0 0.0 0.0 0.0 0.0 0.0 0.0
45 8 0.0 0.0 0.0 0.0 0.0 0.0 0.0 0.0 0.0 0.0
45 9 0.0 0.0 0.0 0.0 0.0 0.0 0.0 0.0 0.0 0.0
45 10 0.0 0.0 0.0 0.0 0.0 0.0 0.0 0.0 0.0 0.0
45 11 0.0 0.0 0.0 0.0 0.0 0.0 0.0 0.0 0.0 0.0
46 0 0.0 0.0 0.0 0.0 0.0 0.0 0.0 0.0 0.0 0.0
46 1 211.3269805908203 -1.5 0.0 0.0 0.0 3.0 2.0 0.0 0.0 12.188128471374512
46 2 0.0 0.0 0.0 0.0 0.0 0.0 0.0 0.0 0.0 0.0
46 3 0.0 0.0 0.0 0.0 0.0 0.0 0.0 0.0 0.0 0.0
46 4 219.2521209716797 -7.5 0.0 0.0 0.0 3.0 2.0 0.0 0.0 19.310466766357422
46 5 0.0 0.0 0.0 0.0 0.0 0.0 0.0 0.0 0.0 0.0
46 6 0.0 0.0 0.0 0.0 0.0 0.0 0.0 0.0 0.0 0.0
46 7 0.0 0.0 0.0 0.0 0.0 0.0 0.0 0.0 0.0 0.0
46 8 0.0 0.0 0.0 0.0 0.0 0.0 0.0 0.0 0.0 0.0
46 9 0.0 0.0 0.0 0.0 0.0 0.0 0.0 0.0 0.0 0.0
46 10 0.0 0.0 0.0 0.0 0.0 0.0 0.0 0.0 0.0 0.0
46 11 0.0 0.0 0.0 0.0 0.0 0.0 0.0 0.0 0.0 0.0
47 0 0.0 0.0 0.0 0.0 0.0 0.0 0.0 0.0 0.0 0.0
47 1 214.63697814941406 -1.5 0.0 0.0 0.0 3.0 2.0 0.0 0.0 15.313104629516602
47 2 0.0 0.0 0.0 0.0 0.0 0.0 0.0 0.0 0.0 0.0
47 3 0.0 0.0 0.0 0.0 0.0 0.0 0.0 0.0 0.0 0.0
47 4 222.34811401367188 -7.5 0.0 0.0 0.0 3.0 2.0 0.0 0.0 22.398393630981445
47 5 0.0 0.0 0.0 0.0 0.0 0.0 0.0 0.0 0.0 0.0
47 6 0.0 0.0 0.0 0.0 0.0 0.0 0.0 0.0 0.0 0.0
47 7 0.0 0.0 0.0 0.0 0.0 0.0 0.0 0.0 0.0 0.0
47 8 0.0 0.0 0.0 0.0 0.0 0.0 0.0 0.0 0.0 0.0
47 9 0.0 0.0 0.0 0.0 0.0 0.0 0.0 0.0 0.0 0.0
47 10 0.0 0.0 0.0 0.0 0.0 0.0 0.0 0.0 0.0 0.0
47 11 0.0 0.0 0.0 0.0 0.0 0.0 0.0 0.0 0.0 0.0
48 0 0.0 0.0 0.0 0.0 0.0 0.0 0.0 0.0 0.0 0.0
48 1 217.9469757080078 -1.5 0.0 0.0 0.0 3.0 2.0 0.0 0.0 18.50254249572754
48 2 0.0 0.0 0.0 0.0 0.0 0.0 0.0 0.0 0.0 0.0
48 3 0.0 0.0 0.0 0.0 0.0 0.0 0.0 0.0 0.0 0.0
48 4 225.44412231445312 -7.5 0.0 0.0 0.0 3.0 2.0 0.0 0.0 25.488296508789062
48 5 0.0 0.0 0.0 0.0 0.0 0.0 0.0 0.0 0.0 0.0
48 6 0.0 0.0 0.0 0.0 0.0 0.0 0.0 0.0 0.0 0.0
48 7 0.0 0.0 0.0 0.0 0.0 0.0 0.0 0.0 0.0 0.0
48 8 0.0 0.0 0.0 0.0 0.0 0.0 0.0 0.0 0.0 0.0
48 9 0.0 0.0 0.0 0.0 0.0 0.0 0.0 0.0 0.0 0.0
48 10 0.0 0.0 0.0 0.0 0.0 0.0 0.0 0.0 0.0 0.0
48 11 0.0 0.0 0.0 0.0 0.0 0.0 0.0 0.0 0.0 0.0
49 0 0.0 0.0 0.0 0.0 0.0 0.0 0.0 0.0 0.0 0.0
49 1 221.25697326660156 -1.5 0.0 0.0 0.0 3.0 2.0 0.0 0.0 21.728063583374023
49 2 0.0 0.0 0.0 0.0 0.0 0.0 0.0 0.0 0.0 0.0
49 3 0.0 0.0 0.0 0.0 0.0 0.0 0.0 0.0 0.0 0.0
49 4 228.5421142578125 -7.5 0.0 0.0 0.0 3.0 2.0 0.0 0.0 28.581499099731445
49 5 0.0 0.0 0.0 0.0 0.0 0.0 0.0 0.0 0.0 0.0
49 6 0.0 0.0 0.0 0.0 0.0 0.0 0.0 0.0 0.0 0.0
49 7 0.0 0.0 0.0 0.0 0.0 0.0 0.0 0.0 0.0 0.0
49 8 0.0 0.0 0.0 0.0 0.0 0.0 0.0 0.0 0.0 0.0
49 9 0.0 0.0 0.0 0.0 0.0 0.0 0.0 0.0 0.0 0.0
49 10 0.0 0.0 0.0 0.0 0.0 0.0 0.0 0.0 0.0 0.0
49 11 0.0 0.0 0.0 0.0 0.0 0.0 0.0 0.0 0.0 0.0
50 0 0.0 0.0 0.0 0.0 0.0 0.0 0.0 0.0 0.0 0.0
50 1 224.56698608398438 -1.5 0.0 0.0 0.0 3.0 2.0 0.0 0.0 24.97572898864746
50 2 0.0 0.0 0.0 0.0 0.0 0.0 0.0 0.0 0.0 0.0
50 3 0.0 0.0 0.0 0.0 0.0 0.0 0.0 0.0 0.0 0.0
50 4 231.64012145996094 -7.5 0.0 0.0 0.0 3.0 2.0 0.0 0.0 31.675655364990234
50 5 0.0 0.0 0.0 0.0 0.0 0.0 0.0 0.0 0.0 0.0
50 6 0.0 0.0 0.0 0.0 0.0 0.0 0.0 0.0 0.0 0.0
50 7 0.0 0.0 0.0 0.0 0.0 0.0 0.0 0.0 0.0 0.0
50 8 0.0 0.0 0.0 0.0 0.0 0.0 0.0 0.0 0.0 0.0
50 9 0.0 0.0 0.0 0.0 0.0 0.0 0.0 0.0 0.0 0.0
50 10 0.0 0.0 0.0 0.0 0.0 0.0 0.0 0.0 0.0 0.0
50 11 0.0 0.0 0.0 0.0 0.0 0.0 0.0 0.0 0.0 0.0
51 0 0.0 0.0 0.0 0.0 0.0 0.0 0.0 0.0 0.0 0.0
51 1 227.87498474121094 -1.5 0.0 0.0 0.0 3.0 2.0 0.0 0.0 28.235872268676758
51 2 0.0 0.0 0.0 0.0 0.0 0.0 0.0 0.0 0.0 0.0
51 3 0.0 0.0 0.0 0.0 0.0 0.0 0.0 0.0 0.0 0.0
51 4 234.73611450195312 -7.5 0.0 0.0 0.0 3.0 2.0 0.0 0.0 34.76848220825195
51 5 0.0 0.0 0.0 0.0 0.0 0.0 0.0 0.0 0.0 0.0
51 6 0.0 0.0 0.0 0.0 0.0 0.0 0.0 0.0 0.0 0.0
51 7 0.0 0.0 0.0 0.0 0.0 0.0 0.0 0.0 0.0 0.0
51 8 0.0 0.0 0.0 0.0 0.0 0.0 0.0 0.0 0.0 0.0
51 9 0.0 0.0 0.0 0.0 0.0 0.0 0.0 0.0 0.0 0.0
51 10 0.0 0.0 0.0 0.0 0.0 0.0 0.0 0.0 0.0 0.0
51 11 0.0 0.0 0.0 0.0 0.0 0.0 0.0 0.0 0.0 0.0
52 0 0.0 0.0 0.0 0.0 0.0 0.0 0.0 0.0 0.0 0.0
52 1 231.1849822998047 -1.5 0.0 0.0 0.0 3.0 2.0 0.0 0.0 31.50798225402832
52 2 0.0 0.0 0.0 0.0 0.0 0.0 0.0 0.0 0.0 0.0
52 3 0.0 0.0 0.0 0.0 0.0 0.0 0.0 0.0 0.0 0.0
52 4 237.83412170410156 -7.5 0.0 0.0 0.0 3.0 2.0 0.0 0.0 37.86384201049805
52 5 0.0 0.0 0.0 0.0 0.0 0.0 0.0 0.0 0.0 0.0
52 6 0.0 0.0 0.0 0.0 0.0 0.0 0.0 0.0 0.0 0.0
52 7 0.0 0.0 0.0 0.0 0.0 0.0 0.0 0.0 0.0 0.0
52 8 0.0 0.0 0.0 0.0 0.0 0.0 0.0 0.0 0.0 0.0
52 9 0.0 0.0 0.0 0.0 0.0 0.0 0.0 0.0 0.0 0.0
52 10 0.0 0.0 0.0 0.0 0.0 0.0 0.0 0.0 0.0 0.0
52 11 0.0 0.0 0.0 0.0 0.0 0.0 0.0 0.0 0.0 0.0
53 0 0.0 0.0 0.0 0.0 0.0 0.0 0.0 0.0 0.0 0.0
53 1 234.49697875976562 -1.5 0.0 0.0 0.0 3.0 2.0 0.0 0.0 34.78924560546875
53 2 0.0 0.0 0.0 0.0 0.0 0.0 0.0 0.0 0.0 0.0
53 3 0.0 0.0 0.0 0.0 0.0 0.0 0.0 0.0 0.0 0.0
53 4 240.93211364746094 -7.5 0.0 0.0 0.0 3.0 2.0 0.0 0.0 40.95958709716797
53 5 0.0 0.0 0.0 0.0 0.0 0.0 0.0 0.0 0.0 0.0
53 6 0.0 0.0 0.0 0.0 0.0 0.0 0.0 0.0 0.0 0.0
53 7 0.0 0.0 0.0 0.0 0.0 0.0 0.0 0.0 0.0 0.0
53 8 0.0 0.0 0.0 0.0 0.0 0.0 0.0 0.0 0.0 0.0
53 9 0.0 0.0 0.0 0.0 0.0 0.0 0.0 0.0 0.0 0.0
53 10 0.0 0.0 0.0 0.0 0.0 0.0 0.0 0.0 0.0 0.0
53 11 0.0 0.0 0.0 0.0 0.0 0.0 0.0 0.0 0.0 0.0
54 0 0.0 0.0 0.0 0.0 0.0 0.0 0.0 0.0 0.0 0.0
54 1 237.80897521972656 -1.5 0.0 0.0 0.0 3.0 2.0 0.0 0.0 38.07583236694336
54 2 0.0 0.0 0.0 0.0 0.0 0.0 0.0 0.0 0.0 0.0
54 3 0.0 0.0 0.0 0.0 0.0 0.0 0.0 0.0 0.0 0.0
54 4 244.03211975097656 -7.5 0.0 0.0 0.0 3.0 2.0 0.0 0.0 44.05766296386719
54 5 0.0 0.0 0.0 0.0 0.0 0.0 0.0 0.0 0.0 0.0
54 6 0.0 0.0 0.0 0.0 0.0 0.0 0.0 0.0 0.0 0.0
54 7 0.0 0.0 0.0 0.0 0.0 0.0 0.0 0.0 0.0 0.0
54 8 0.0 0.0 0.0 0.0 0.0 0.0 0.0 0.0 0.0 0.0
54 9 0.0 0.0 0.0 0.0 0.0 0.0 0.0 0.0 0.0 0.0
54 10 0.0 0.0 0.0 0.0 0.0 0.0 0.0 0.0 0.0 0.0
54 11 0.0 0.0 0.0 0.0 0.0 0.0 0.0 0.0 0.0 0.0
55 0 0.0 0.0 0.0 0.0 0.0 0.0 0.0 0.0 0.0 0.0
55 1 241.11898803710938 -1.5 0.0 0.0 0.0 3.0 2.0 0.0 0.0 41.36449432373047
55 2 0.0 0.0 0.0 0.0 0.0 0.0 0.0 0.0 0.0 0.0
55 3 0.0 0.0 0.0 0.0 0.0 0.0 0.0 0.0 0.0 0.0
55 4 247.13612365722656 -7.5 0.0 0.0 0.0 3.0 2.0 0.0 0.0 47.15998077392578
55 5 0.0 0.0 0.0 0.0 0.0 0.0 0.0 0.0 0.0 0.0
55 6 0.0 0.0 0.0 0.0 0.0 0.0 0.0 0.0 0.0 0.0
55 7 0.0 0.0 0.0 0.0 0.0 0.0 0.0 0.0 0.0 0.0
55 8 0.0 0.0 0.0 0.0 0.0 0.0 0.0 0.0 0.0 0.0
55 9 0.0 0.0 0.0 0.0 0.0 0.0 0.0 0.0 0.0 0.0
55 10 0.0 0.0 0.0 0.0 0.0 0.0 0.0 0.0 0.0 0.0
55 11 0.0 0.0 0.0 0.0 0.0 0.0 0.0 0.0 0.0 0.0
56 0 0.0 0.0 0.0 0.0 0.0 0.0 0.0 0.0 0.0 0.0
56 1 244.42898559570312 -1.5 0.0 0.0 0.0 3.0 2.0 0.0 0.0 44.65629959106445
56 2 0.0 0.0 0.0 0.0 0.0 0.0 0.0 0.0 0.0 0.0
56 3 0.0 0.0 0.0 0.0 0.0 0.0 0.0 0.0 0.0 0.0
56 4 0.0 0.0 0.0 0.0 0.0 0.0 0.0 0.0 0.0 0.0
56 5 0.0 0.0 0.0 0.0 0.0 0.0 0.0 0.0 0.0 0.0
56 6 0.0 0.0 0.0 0.0 0.0 0.0 0.0 0.0 0.0 0.0
56 7 0.0 0.0 0.0 0.0 0.0 0.0 0.0 0.0 0.0 0.0
56 8 0.0 0.0 0.0 0.0 0.0 0.0 0.0 0.0 0.0 0.0
56 9 0.0 0.0 0.0 0.0 0.0 0.0 0.0 0.0 0.0 0.0
56 10 0.0 0.0 0.0 0.0 0.0 0.0 0.0 0.0 0.0 0.0
56 11 0.0 0.0 0.0 0.0 0.0 0.0 0.0 0.0 0.0 0.0
57 0 0.0 0.0 0.0 0.0 0.0 0.0 0.0 0.0 0.0 0.0
57 1 247.73898315429688 -1.5 0.0 0.0 0.0 3.0 2.0 0.0 0.0 47.95060348510742
57 2 0.0 0.0 0.0 0.0 0.0 0.0 0.0 0.0 0.0 0.0
57 3 0.0 0.0 0.0 0.0 0.0 0.0 0.0 0.0 0.0 0.0
57 4 0.0 0.0 0.0 0.0 0.0 0.0 0.0 0.0 0.0 0.0
57 5 0.0 0.0 0.0 0.0 0.0 0.0 0.0 0.0 0.0 0.0
57 6 0.0 0.0 0.0 0.0 0.0 0.0 0.0 0.0 0.0 0.0
57 7 0.0 0.0 0.0 0.0 0.0 0.0 0.0 0.0 0.0 0.0
57 8 0.0 0.0 0.0 0.0 0.0 0.0 0.0 0.0 0.0 0.0
57 9 0.0 0.0 0.0 0.0 0.0 0.0 0.0 0.0 0.0 0.0
57 10 0.0 0.0 0.0 0.0 0.0 0.0 0.0 0.0 0.0 0.0
57 11 0.0 0.0 0.0 0.0 0.0 0.0 0.0 0.0 0.0 0.0
58 0 0.0 0.0 0.0 0.0 0.0 0.0 0.0 0.0 0.0 0.0
58 1 0.0 0.0 0.0 0.0 0.0 0.0 0.0 0.0 0.0 0.0
58 2 0.0 0.0 0.0 0.0 0.0 0.0 0.0 0.0 0.0 0.0
58 3 0.0 0.0 0.0 0.0 0.0 0.0 0.0 0.0 0.0 0.0
58 4 0.0 0.0 0.0 0.0 0.0 0.0 0.0 0.0 0.0 0.0
58 5 0.0 0.0 0.0 0.0 0.0 0.0 0.0 0.0 0.0 0.0
58 6 0.0 0.0 0.0 0.0 0.0 0.0 0.0 0.0 0.0 0.0
58 7 0.0 0.0 0.0 0.0 0.0 0.0 0.0 0.0 0.0 0.0
58 8 0.0 0.0 0.0 0.0 0.0 0.0 0.0 0.0 0.0 0.0
58 9 0.0 0.0 0.0 0.0 0.0 0.0 0.0 0.0 0.0 0.0
58 10 0.0 0.0 0.0 0.0 0.0 0.0 0.0 0.0 0.0 0.0
58 11 0.0 0.0 0.0 0.0 0.0 0.0 0.0 0.0 0.0 0.0
59 0 0.0 0.0 0.0 0.0 0.0 0.0 0.0 0.0 0.0 0.0
59 1 0.0 0.0 0.0 0.0 0.0 0.0 0.0 0.0 0.0 0.0
59 2 0.0 0.0 0.0 0.0 0.0 0.0 0.0 0.0 0.0 0.0
59 3 0.0 0.0 0.0 0.0 0.0 0.0 0.0 0.0 0.0 0.0
59 4 0.0 0.0 0.0 0.0 0.0 0.0 0.0 0.0 0.0 0.0
59 5 0.0 0.0 0.0 0.0 0.0 0.0 0.0 0.0 0.0 0.0
59 6 0.0 0.0 0.0 0.0 0.0 0.0 0.0 0.0 0.0 0.0
59 7 0.0 0.0 0.0 0.0 0.0 0.0 0.0 0.0 0.0 0.0
59 8 0.0 0.0 0.0 0.0 0.0 0.0 0.0 0.0 0.0 0.0
59 9 0.0 0.0 0.0 0.0 0.0 0.0 0.0 0.0 0.0 0.0
59 10 0.0 0.0 0.0 0.0 0.0 0.0 0.0 0.0 0.0 0.0
59 11 0.0 0.0 0.0 0.0 0.0 0.0 0.0 0.0 0.0 0.0
60 0 0.0 0.0 0.0 0.0 0.0 0.0 0.0 0.0 0.0 0.0
60 1 0.0 0.0 0.0 0.0 0.0 0.0 0.0 0.0 0.0 0.0
60 2 0.0 0.0 0.0 0.0 0.0 0.0 0.0 0.0 0.0 0.0
60 3 0.0 0.0 0.0 0.0 0.0 0.0 0.0 0.0 0.0 0.0
60 4 0.0 0.0 0.0 0.0 0.0 0.0 0.0 0.0 0.0 0.0
60 5 0.0 0.0 0.0 0.0 0.0 0.0 0.0 0.0 0.0 0.0
60 6 0.0 0.0 0.0 0.0 0.0 0.0 0.0 0.0 0.0 0.0
60 7 0.0 0.0 0.0 0.0 0.0 0.0 0.0 0.0 0.0 0.0
60 8 0.0 0.0 0.0 0.0 0.0 0.0 0.0 0.0 0.0 0.0
60 9 0.0 0.0 0.0 0.0 0.0 0.0 0.0 0.0 0.0 0.0
60 10 0.0 0.0 0.0 0.0 0.0 0.0 0.0 0.0 0.0 0.0
60 11 0.0 0.0 0.0 0.0 0.0 0.0 0.0 0.0 0.0 0.0
61 0 0.0 0.0 0.0 0.0 0.0 0.0 0.0 0.0 0.0 0.0
61 1 0.0 0.0 0.0 0.0 0.0 0.0 0.0 0.0 0.0 0.0
61 2 0.0 0.0 0.0 0.0 0.0 0.0 0.0 0.0 0.0 0.0
61 3 0.0 0.0 0.0 0.0 0.0 0.0 0.0 0.0 0.0 0.0
61 4 0.0 0.0 0.0 0.0 0.0 0.0 0.0 0.0 0.0 0.0
61 5 0.0 0.0 0.0 0.0 0.0 0.0 0.0 0.0 0.0 0.0
61 6 0.0 0.0 0.0 0.0 0.0 0.0 0.0 0.0 0.0 0.0
61 7 0.0 0.0 0.0 0.0 0.0 0.0 0.0 0.0 0.0 0.0
61 8 0.0 0.0 0.0 0.0 0.0 0.0 0.0 0.0 0.0 0.0
61 9 0.0 0.0 0.0 0.0 0.0 0.0 0.0 0.0 0.0 0.0
61 10 0.0 0.0 0.0 0.0 0.0 0.0 0.0 0.0 0.0 0.0
61 11 0.0 0.0 0.0 0.0 0.0 0.0 0.0 0.0 0.0 0.0
62 0 0.0 0.0 0.0 0.0 0.0 0.0 0.0 0.0 0.0 0.0
62 1 0.0 0.0 0.0 0.0 0.0 0.0 0.0 0.0 0.0 0.0
62 2 0.0 0.0 0.0 0.0 0.0 0.0 0.0 0.0 0.0 0.0
62 3 0.0 0.0 0.0 0.0 0.0 0.0 0.0 0.0 0.0 0.0
62 4 0.0 0.0 0.0 0.0 0.0 0.0 0.0 0.0 0.0 0.0
62 5 0.0 0.0 0.0 0.0 0.0 0.0 0.0 0.0 0.0 0.0
62 6 0.0 0.0 0.0 0.0 0.0 0.0 0.0 0.0 0.0 0.0
62 7 0.0 0.0 0.0 0.0 0.0 0.0 0.0 0.0 0.0 0.0
62 8 0.0 0.0 0.0 0.0 0.0 0.0 0.0 0.0 0.0 0.0
62 9 0.0 0.0 0.0 0.0 0.0 0.0 0.0 0.0 0.0 0.0
62 10 0.0 0.0 0.0 0.0 0.0 0.0 0.0 0.0 0.0 0.0
62 11 0.0 0.0 0.0 0.0 0.0 0.0 0.0 0.0 0.0 0.0
63 0 0.0 0.0 0.0 0.0 0.0 0.0 0.0 0.0 0.0 0.0
63 1 0.0 0.0 0.0 0.0 0.0 0.0 0.0 0.0 0.0 0.0
63 2 0.0 0.0 0.0 0.0 0.0 0.0 0.0 0.0 0.0 0.0
63 3 0.0 0.0 0.0 0.0 0.0 0.0 0.0 0.0 0.0 0.0
63 4 0.0 0.0 0.0 0.0 0.0 0.0 0.0 0.0 0.0 0.0
63 5 0.0 0.0 0.0 0.0 0.0 0.0 0.0 0.0 0.0 0.0
63 6 0.0 0.0 0.0 0.0 0.0 0.0 0.0 0.0 0.0 0.0
63 7 0.0 0.0 0.0 0.0 0.0 0.0 0.0 0.0 0.0 0.0
63 8 0.0 0.0 0.0 0.0 0.0 0.0 0.0 0.0 0.0 0.0
63 9 0.0 0.0 0.0 0.0 0.0 0.0 0.0 0.0 0.0 0.0
63 10 0.0 0.0 0.0 0.0 0.0 0.0 0.0 0.0 0.0 0.0
63 11 0.0 0.0 0.0 0.0 0.0 0.0 0.0 0.0 0.0 0.0
64 0 0.0 0.0 0.0 0.0 0.0 0.0 0.0 0.0 0.0 0.0
64 1 0.0 0.0 0.0 0.0 0.0 0.0 0.0 0.0 0.0 0.0
64 2 0.0 0.0 0.0 0.0 0.0 0.0 0.0 0.0 0.0 0.0
64 3 0.0 0.0 0.0 0.0 0.0 0.0 0.0 0.0 0.0 0.0
64 4 0.0 0.0 0.0 0.0 0.0 0.0 0.0 0.0 0.0 0.0
64 5 0.0 0.0 0.0 0.0 0.0 0.0 0.0 0.0 0.0 0.0
64 6 0.0 0.0 0.0 0.0 0.0 0.0 0.0 0.0 0.0 0.0
64 7 0.0 0.0 0.0 0.0 0.0 0.0 0.0 0.0 0.0 0.0
64 8 0.0 0.0 0.0 0.0 0.0 0.0 0.0 0.0 0.0 0.0
64 9 0.0 0.0 0.0 0.0 0.0 0.0 0.0 0.0 0.0 0.0
64 10 0.0 0.0 0.0 0.0 0.0 0.0 0.0 0.0 0.0 0.0
64 11 0.0 0.0 0.0 0.0 0.0 0.0 0.0 0.0 0.0 0.0
65 0 0.0 0.0 0.0 0.0 0.0 0.0 0.0 0.0 0.0 0.0
65 1 0.0 0.0 0.0 0.0 0.0 0.0 0.0 0.0 0.0 0.0
65 2 0.0 0.0 0.0 0.0 0.0 0.0 0.0 0.0 0.0 0.0
65 3 0.0 0.0 0.0 0.0 0.0 0.0 0.0 0.0 0.0 0.0
65 4 0.0 0.0 0.0 0.0 0.0 0.0 0.0 0.0 0.0 0.0
65 5 0.0 0.0 0.0 0.0 0.0 0.0 0.0 0.0 0.0 0.0
65 6 0.0 0.0 0.0 0.0 0.0 0.0 0.0 0.0 0.0 0.0
65 7 0.0 0.0 0.0 0.0 0.0 0.0 0.0 0.0 0.0 0.0
65 8 0.0 0.0 0.0 0.0 0.0 0.0 0.0 0.0 0.0 0.0
65 9 0.0 0.0 0.0 0.0 0.0 0.0 0.0 0.0 0.0 0.0
65 10 0.0 0.0 0.0 0.0 0.0 0.0 0.0 0.0 0.0 0.0
65 11 0.0 0.0 0.0 0.0 0.0 0.0 0.0 0.0 0.0 0.0
66 0 0.0 0.0 0.0 0.0 0.0 0.0 0.0 0.0 0.0 0.0
66 1 0.0 0.0 0.0 0.0 0.0 0.0 0.0 0.0 0.0 0.0
66 2 0.0 0.0 0.0 0.0 0.0 0.0 0.0 0.0 0.0 0.0
66 3 0.0 0.0 0.0 0.0 0.0 0.0 0.0 0.0 0.0 0.0
66 4 0.0 0.0 0.0 0.0 0.0 0.0 0.0 0.0 0.0 0.0
66 5 0.0 0.0 0.0 0.0 0.0 0.0 0.0 0.0 0.0 0.0
66 6 0.0 0.0 0.0 0.0 0.0 0.0 0.0 0.0 0.0 0.0
66 7 0.0 0.0 0.0 0.0 0.0 0.0 0.0 0.0 0.0 0.0
66 8 0.0 0.0 0.0 0.0 0.0 0.0 0.0 0.0 0.0 0.0
66 9 0.0 0.0 0.0 0.0 0.0 0.0 0.0 0.0 0.0 0.0
66 10 0.0 0.0 0.0 0.0 0.0 0.0 0.0 0.0 0.0 0.0
66 11 0.0 0.0 0.0 0.0 0.0 0.0 0.0 0.0 0.0 0.0
67 0 0.0 0.0 0.0 0.0 0.0 0.0 0.0 0.0 0.0 0.0
67 1 0.0 0.0 0.0 0.0 0.0 0.0 0.0 0.0 0.0 0.0
67 2 0.0 0.0 0.0 0.0 0.0 0.0 0.0 0.0 0.0 0.0
67 3 0.0 0.0 0.0 0.0 0.0 0.0 0.0 0.0 0.0 0.0
67 4 0.0 0.0 0.0 0.0 0.0 0.0 0.0 0.0 0.0 0.0
67 5 0.0 0.0 0.0 0.0 0.0 0.0 0.0 0.0 0.0 0.0
67 6 0.0 0.0 0.0 0.0 0.0 0.0 0.0 0.0 0.0 0.0
67 7 0.0 0.0 0.0 0.0 0.0 0.0 0.0 0.0 0.0 0.0
67 8 0.0 0.0 0.0 0.0 0.0 0.0 0.0 0.0 0.0 0.0
67 9 0.0 0.0 0.0 0.0 0.0 0.0 0.0 0.0 0.0 0.0
67 10 0.0 0.0 0.0 0.0 0.0 0.0 0.0 0.0 0.0 0.0
67 11 0.0 0.0 0.0 0.0 0.0 0.0 0.0 0.0 0.0 0.0
68 0 0.0 0.0 0.0 0.0 0.0 0.0 0.0 0.0 0.0 0.0
68 1 0.0 0.0 0.0 0.0 0.0 0.0 0.0 0.0 0.0 0.0
68 2 0.0 0.0 0.0 0.0 0.0 0.0 0.0 0.0 0.0 0.0
68 3 0.0 0.0 0.0 0.0 0.0 0.0 0.0 0.0 0.0 0.0
68 4 0.0 0.0 0.0 0.0 0.0 0.0 0.0 0.0 0.0 0.0
68 5 0.0 0.0 0.0 0.0 0.0 0.0 0.0 0.0 0.0 0.0
68 6 0.0 0.0 0.0 0.0 0.0 0.0 0.0 0.0 0.0 0.0
68 7 0.0 0.0 0.0 0.0 0.0 0.0 0.0 0.0 0.0 0.0
68 8 0.0 0.0 0.0 0.0 0.0 0.0 0.0 0.0 0.0 0.0
68 9 0.0 0.0 0.0 0.0 0.0 0.0 0.0 0.0 0.0 0.0
68 10 0.0 0.0 0.0 0.0 0.0 0.0 0.0 0.0 0.0 0.0
68 11 0.0 0.0 0.0 0.0 0.0 0.0 0.0 0.0 0.0 0.0
69 0 0.0 0.0 0.0 0.0 0.0 0.0 0.0 0.0 0.0 0.0
69 1 0.0 0.0 0.0 0.0 0.0 0.0 0.0 0.0 0.0 0.0
69 2 0.0 0.0 0.0 0.0 0.0 0.0 0.0 0.0 0.0 0.0
69 3 0.0 0.0 0.0 0.0 0.0 0.0 0.0 0.0 0.0 0.0
69 4 0.0 0.0 0.0 0.0 0.0 0.0 0.0 0.0 0.0 0.0
69 5 0.0 0.0 0.0 0.0 0.0 0.0 0.0 0.0 0.0 0.0
69 6 0.0 0.0 0.0 0.0 0.0 0.0 0.0 0.0 0.0 0.0
69 7 0.0 0.0 0.0 0.0 0.0 0.0 0.0 0.0 0.0 0.0
69 8 0.0 0.0 0.0 0.0 0.0 0.0 0.0 0.0 0.0 0.0
69 9 0.0 0.0 0.0 0.0 0.0 0.0 0.0 0.0 0.0 0.0
69 10 0.0 0.0 0.0 0.0 0.0 0.0 0.0 0.0 0.0 0.0
69 11 0.0 0.0 0.0 0.0 0.0 0.0 0.0 0.0 0.0 0.0
70 0 0.0 0.0 0.0 0.0 0.0 0.0 0.0 0.0 0.0 0.0
70 1 0.0 0.0 0.0 0.0 0.0 0.0 0.0 0.0 0.0 0.0
70 2 0.0 0.0 0.0 0.0 0.0 0.0 0.0 0.0 0.0 0.0
70 3 0.0 0.0 0.0 0.0 0.0 0.0 0.0 0.0 0.0 0.0
70 4 0.0 0.0 0.0 0.0 0.0 0.0 0.0 0.0 0.0 0.0
70 5 0.0 0.0 0.0 0.0 0.0 0.0 0.0 0.0 0.0 0.0
70 6 0.0 0.0 0.0 0.0 0.0 0.0 0.0 0.0 0.0 0.0
70 7 0.0 0.0 0.0 0.0 0.0 0.0 0.0 0.0 0.0 0.0
70 8 0.0 0.0 0.0 0.0 0.0 0.0 0.0 0.0 0.0 0.0
70 9 0.0 0.0 0.0 0.0 0.0 0.0 0.0 0.0 0.0 0.0
70 10 0.0 0.0 0.0 0.0 0.0 0.0 0.0 0.0 0.0 0.0
70 11 0.0 0.0 0.0 0.0 0.0 0.0 0.0 0.0 0.0 0.0
71 0 0.0 0.0 0.0 0.0 0.0 0.0 0.0 0.0 0.0 0.0
71 1 0.0 0.0 0.0 0.0 0.0 0.0 0.0 0.0 0.0 0.0
71 2 0.0 0.0 0.0 0.0 0.0 0.0 0.0 0.0 0.0 0.0
71 3 0.0 0.0 0.0 0.0 0.0 0.0 0.0 0.0 0.0 0.0
71 4 0.0 0.0 0.0 0.0 0.0 0.0 0.0 0.0 0.0 0.0
71 5 0.0 0.0 0.0 0.0 0.0 0.0 0.0 0.0 0.0 0.0
71 6 0.0 0.0 0.0 0.0 0.0 0.0 0.0 0.0 0.0 0.0
71 7 0.0 0.0 0.0 0.0 0.0 0.0 0.0 0.0 0.0 0.0
71 8 0.0 0.0 0.0 0.0 0.0 0.0 0.0 0.0 0.0 0.0
71 9 0.0 0.0 0.0 0.0 0.0 0.0 0.0 0.0 0.0 0.0
71 10 0.0 0.0 0.0 0.0 0.0 0.0 0.0 0.0 0.0 0.0
71 11 0.0 0.0 0.0 0.0 0.0 0.0 0.0 0.0 0.0 0.0
72 0 0.0 0.0 0.0 0.0 0.0 0.0 0.0 0.0 0.0 0.0
72 1 0.0 0.0 0.0 0.0 0.0 0.0 0.0 0.0 0.0 0.0
72 2 0.0 0.0 0.0 0.0 0.0 0.0 0.0 0.0 0.0 0.0
72 3 0.0 0.0 0.0 0.0 0.0 0.0 0.0 0.0 0.0 0.0
72 4 0.0 0.0 0.0 0.0 0.0 0.0 0.0 0.0 0.0 0.0
72 5 0.0 0.0 0.0 0.0 0.0 0.0 0.0 0.0 0.0 0.0
72 6 0.0 0.0 0.0 0.0 0.0 0.0 0.0 0.0 0.0 0.0
72 7 0.0 0.0 0.0 0.0 0.0 0.0 0.0 0.0 0.0 0.0
72 8 0.0 0.0 0.0 0.0 0.0 0.0 0.0 0.0 0.0 0.0
72 9 0.0 0.0 0.0 0.0 0.0 0.0 0.0 0.0 0.0 0.0
72 10 0.0 0.0 0.0 0.0 0.0 0.0 0.0 0.0 0.0 0.0
72 11 0.0 0.0 0.0 0.0 0.0 0.0 0.0 0.0 0.0 0.0
73 0 0.0 0.0 0.0 0.0 0.0 0.0 0.0 0.0 0.0 0.0
73 1 0.0 0.0 0.0 0.0 0.0 0.0 0.0 0.0 0.0 0.0
73 2 0.0 0.0 0.0 0.0 0.0 0.0 0.0 0.0 0.0 0.0
73 3 0.0 0.0 0.0 0.0 0.0 0.0 0.0 0.0 0.0 0.0
73 4 0.0 0.0 0.0 0.0 0.0 0.0 0.0 0.0 0.0 0.0
73 5 0.0 0.0 0.0 0.0 0.0 0.0 0.0 0.0 0.0 0.0
73 6 0.0 0.0 0.0 0.0 0.0 0.0 0.0 0.0 0.0 0.0
73 7 0.0 0.0 0.0 0.0 0.0 0.0 0.0 0.0 0.0 0.0
73 8 0.0 0.0 0.0 0.0 0.0 0.0 0.0 0.0 0.0 0.0
73 9 0.0 0.0 0.0 0.0 0.0 0.0 0.0 0.0 0.0 0.0
73 10 0.0 0.0 0.0 0.0 0.0 0.0 0.0 0.0 0.0 0.0
73 11 0.0 0.0 0.0 0.0 0.0 0.0 0.0 0.0 0.0 0.0
74 0 0.0 0.0 0.0 0.0 0.0 0.0 0.0 0.0 0.0 0.0
74 1 0.0 0.0 0.0 0.0 0.0 0.0 0.0 0.0 0.0 0.0
74 2 0.0 0.0 0.0 0.0 0.0 0.0 0.0 0.0 0.0 0.0
74 3 0.0 0.0 0.0 0.0 0.0 0.0 0.0 0.0 0.0 0.0
74 4 0.0 0.0 0.0 0.0 0.0 0.0 0.0 0.0 0.0 0.0
74 5 0.0 0.0 0.0 0.0 0.0 0.0 0.0 0.0 0.0 0.0
74 6 0.0 0.0 0.0 0.0 0.0 0.0 0.0 0.0 0.0 0.0
74 7 0.0 0.0 0.0 0.0 0.0 0.0 0.0 0.0 0.0 0.0
74 8 0.0 0.0 0.0 0.0 0.0 0.0 0.0 0.0 0.0 0.0
74 9 0.0 0.0 0.0 0.0 0.0 0.0 0.0 0.0 0.0 0.0
74 10 0.0 0.0 0.0 0.0 0.0 0.0 0.0 0.0 0.0 0.0
74 11 0.0 0.0 0.0 0.0 0.0 0.0 0.0 0.0 0.0 0.0
75 0 0.0 0.0 0.0 0.0 0.0 0.0 0.0 0.0 0.0 0.0
75 1 0.0 0.0 0.0 0.0 0.0 0.0 0.0 0.0 0.0 0.0
75 2 0.0 0.0 0.0 0.0 0.0 0.0 0.0 0.0 0.0 0.0
75 3 0.0 0.0 0.0 0.0 0.0 0.0 0.0 0.0 0.0 0.0
75 4 0.0 0.0 0.0 0.0 0.0 0.0 0.0 0.0 0.0 0.0
75 5 0.0 0.0 0.0 0.0 0.0 0.0 0.0 0.0 0.0 0.0
75 6 0.0 0.0 0.0 0.0 0.0 0.0 0.0 0.0 0.0 0.0
75 7 0.0 0.0 0.0 0.0 0.0 0.0 0.0 0.0 0.0 0.0
75 8 0.0 0.0 0.0 0.0 0.0 0.0 0.0 0.0 0.0 0.0
75 9 0.0 0.0 0.0 0.0 0.0 0.0 0.0 0.0 0.0 0.0
75 10 0.0 0.0 0.0 0.0 0.0 0.0 0.0 0.0 0.0 0.0
75 11 0.0 0.0 0.0 0.0 0.0 0.0 0.0 0.0 0.0 0.0
76 0 0.0 0.0 0.0 0.0 0.0 0.0 0.0 0.0 0.0 0.0
76 1 0.0 0.0 0.0 0.0 0.0 0.0 0.0 0.0 0.0 0.0
76 2 0.0 0.0 0.0 0.0 0.0 0.0 0.0 0.0 0.0 0.0
76 3 0.0 0.0 0.0 0.0 0.0 0.0 0.0 0.0 0.0 0.0
76 4 0.0 0.0 0.0 0.0 0.0 0.0 0.0 0.0 0.0 0.0
76 5 0.0 0.0 0.0 0.0 0.0 0.0 0.0 0.0 0.0 0.0
76 6 0.0 0.0 0.0 0.0 0.0 0.0 0.0 0.0 0.0 0.0
76 7 0.0 0.0 0.0 0.0 0.0 0.0 0.0 0.0 0.0 0.0
76 8 0.0 0.0 0.0 0.0 0.0 0.0 0.0 0.0 0.0 0.0
76 9 0.0 0.0 0.0 0.0 0.0 0.0 0.0 0.0 0.0 0.0
76 10 0.0 0.0 0.0 0.0 0.0 0.0 0.0 0.0 0.0 0.0
76 11 0.0 0.0 0.0 0.0 0.0 0.0 0.0 0.0 0.0 0.0
77 0 0.0 0.0 0.0 0.0 0.0 0.0 0.0 0.0 0.0 0.0
77 1 0.0 0.0 0.0 0.0 0.0 0.0 0.0 0.0 0.0 0.0
77 2 0.0 0.0 0.0 0.0 0.0 0.0 0.0 0.0 0.0 0.0
77 3 0.0 0.0 0.0 0.0 0.0 0.0 0.0 0.0 0.0 0.0
77 4 0.0 0.0 0.0 0.0 0.0 0.0 0.0 0.0 0.0 0.0
77 5 0.0 0.0 0.0 0.0 0.0 0.0 0.0 0.0 0.0 0.0
77 6 0.0 0.0 0.0 0.0 0.0 0.0 0.0 0.0 0.0 0.0
77 7 0.0 0.0 0.0 0.0 0.0 0.0 0.0 0.0 0.0 0.0
77 8 0.0 0.0 0.0 0.0 0.0 0.0 0.0 0.0 0.0 0.0
77 9 0.0 0.0 0.0 0.0 0.0 0.0 0.0 0.0 0.0 0.0
77 10 0.0 0.0 0.0 0.0 0.0 0.0 0.0 0.0 0.0 0.0
77 11 0.0 0.0 0.0 0.0 0.0 0.0 0.0 0.0 0.0 0.0
78 0 0.0 0.0 0.0 0.0 0.0 0.0 0.0 0.0 0.0 0.0
78 1 0.0 0.0 0.0 0.0 0.0 0.0 0.0 0.0 0.0 0.0
78 2 0.0 0.0 0.0 0.0 0.0 0.0 0.0 0.0 0.0 0.0
78 3 0.0 0.0 0.0 0.0 0.0 0.0 0.0 0.0 0.0 0.0
78 4 0.0 0.0 0.0 0.0 0.0 0.0 0.0 0.0 0.0 0.0
78 5 0.0 0.0 0.0 0.0 0.0 0.0 0.0 0.0 0.0 0.0
78 6 0.0 0.0 0.0 0.0 0.0 0.0 0.0 0.0 0.0 0.0
78 7 0.0 0.0 0.0 0.0 0.0 0.0 0.0 0.0 0.0 0.0
78 8 0.0 0.0 0.0 0.0 0.0 0.0 0.0 0.0 0.0 0.0
78 9 0.0 0.0 0.0 0.0 0.0 0.0 0.0 0.0 0.0 0.0
78 10 0.0 0.0 0.0 0.0 0.0 0.0 0.0 0.0 0.0 0.0
78 11 0.0 0.0 0.0 0.0 0.0 0.0 0.0 0.0 0.0 0.0
79 0 0.0 0.0 0.0 0.0 0.0 0.0 0.0 0.0 0.0 0.0
79 1 0.0 0.0 0.0 0.0 0.0 0.0 0.0 0.0 0.0 0.0
79 2 0.0 0.0 0.0 0.0 0.0 0.0 0.0 0.0 0.0 0.0
79 3 0.0 0.0 0.0 0.0 0.0 0.0 0.0 0.0 0.0 0.0
79 4 0.0 0.0 0.0 0.0 0.0 0.0 0.0 0.0 0.0 0.0
79 5 0.0 0.0 0.0 0.0 0.0 0.0 0.0 0.0 0.0 0.0
79 6 0.0 0.0 0.0 0.0 0.0 0.0 0.0 0.0 0.0 0.0
79 7 0.0 0.0 0.0 0.0 0.0 0.0 0.0 0.0 0.0 0.0
79 8 0.0 0.0 0.0 0.0 0.0 0.0 0.0 0.0 0.0 0.0
79 9 0.0 0.0 0.0 0.0 0.0 0.0 0.0 0.0 0.0 0.0
79 10 0.0 0.0 0.0 0.0 0.0 0.0 0.0 0.0 0.0 0.0
79 11 0.0 0.0 0.0 0.0 0.0 0.0 0.0 0.0 0.0 0.0
80 0 0.0 0.0 0.0 0.0 0.0 0.0 0.0 0.0 0.0 0.0
80 1 0.0 0.0 0.0 0.0 0.0 0.0 0.0 0.0 0.0 0.0
80 2 0.0 0.0 0.0 0.0 0.0 0.0 0.0 0.0 0.0 0.0
80 3 0.0 0.0 0.0 0.0 0.0 0.0 0.0 0.0 0.0 0.0
80 4 0.0 0.0 0.0 0.0 0.0 0.0 0.0 0.0 0.0 0.0
80 5 0.0 0.0 0.0 0.0 0.0 0.0 0.0 0.0 0.0 0.0
80 6 0.0 0.0 0.0 0.0 0.0 0.0 0.0 0.0 0.0 0.0
80 7 0.0 0.0 0.0 0.0 0.0 0.0 0.0 0.0 0.0 0.0
80 8 0.0 0.0 0.0 0.0 0.0 0.0 0.0 0.0 0.0 0.0
80 9 0.0 0.0 0.0 0.0 0.0 0.0 0.0 0.0 0.0 0.0
80 10 0.0 0.0 0.0 0.0 0.0 0.0 0.0 0.0 0.0 0.0
80 11 0.0 0.0 0.0 0.0 0.0 0.0 0.0 0.0 0.0 0.0
81 0 0.0 0.0 0.0 0.0 0.0 0.0 0.0 0.0 0.0 0.0
81 1 0.0 0.0 0.0 0.0 0.0 0.0 0.0 0.0 0.0 0.0
81 2 0.0 0.0 0.0 0.0 0.0 0.0 0.0 0.0 0.0 0.0
81 3 0.0 0.0 0.0 0.0 0.0 0.0 0.0 0.0 0.0 0.0
81 4 0.0 0.0 0.0 0.0 0.0 0.0 0.0 0.0 0.0 0.0
81 5 0.0 0.0 0.0 0.0 0.0 0.0 0.0 0.0 0.0 0.0
81 6 0.0 0.0 0.0 0.0 0.0 0.0 0.0 0.0 0.0 0.0
81 7 0.0 0.0 0.0 0.0 0.0 0.0 0.0 0.0 0.0 0.0
81 8 0.0 0.0 0.0 0.0 0.0 0.0 0.0 0.0 0.0 0.0
81 9 0.0 0.0 0.0 0.0 0.0 0.0 0.0 0.0 0.0 0.0
81 10 0.0 0.0 0.0 0.0 0.0 0.0 0.0 0.0 0.0 0.0
81 11 0.0 0.0 0.0 0.0 0.0 0.0 0.0 0.0 0.0 0.0
82 0 0.0 0.0 0.0 0.0 0.0 0.0 0.0 0.0 0.0 0.0
82 1 0.0 0.0 0.0 0.0 0.0 0.0 0.0 0.0 0.0 0.0
82 2 0.0 0.0 0.0 0.0 0.0 0.0 0.0 0.0 0.0 0.0
82 3 0.0 0.0 0.0 0.0 0.0 0.0 0.0 0.0 0.0 0.0
82 4 0.0 0.0 0.0 0.0 0.0 0.0 0.0 0.0 0.0 0.0
82 5 0.0 0.0 0.0 0.0 0.0 0.0 0.0 0.0 0.0 0.0
82 6 0.0 0.0 0.0 0.0 0.0 0.0 0.0 0.0 0.0 0.0
82 7 0.0 0.0 0.0 0.0 0.0 0.0 0.0 0.0 0.0 0.0
82 8 0.0 0.0 0.0 0.0 0.0 0.0 0.0 0.0 0.0 0.0
82 9 0.0 0.0 0.0 0.0 0.0 0.0 0.0 0.0 0.0 0.0
82 10 0.0 0.0 0.0 0.0 0.0 0.0 0.0 0.0 0.0 0.0
82 11 0.0 0.0 0.0 0.0 0.0 0.0 0.0 0.0 0.0 0.0
83 0 0.0 0.0 0.0 0.0 0.0 0.0 0.0 0.0 0.0 0.0
83 1 0.0 0.0 0.0 0.0 0.0 0.0 0.0 0.0 0.0 0.0
83 2 0.0 0.0 0.0 0.0 0.0 0.0 0.0 0.0 0.0 0.0
83 3 0.0 0.0 0.0 0.0 0.0 0.0 0.0 0.0 0.0 0.0
83 4 0.0 0.0 0.0 0.0 0.0 0.0 0.0 0.0 0.0 0.0
83 5 0.0 0.0 0.0 0.0 0.0 0.0 0.0 0.0 0.0 0.0
83 6 0.0 0.0 0.0 0.0 0.0 0.0 0.0 0.0 0.0 0.0
83 7 0.0 0.0 0.0 0.0 0.0 0.0 0.0 0.0 0.0 0.0
83 8 0.0 0.0 0.0 0.0 0.0 0.0 0.0 0.0 0.0 0.0
83 9 0.0 0.0 0.0 0.0 0.0 0.0 0.0 0.0 0.0 0.0
83 10 0.0 0.0 0.0 0.0 0.0 0.0 0.0 0.0 0.0 0.0
83 11 0.0 0.0 0.0 0.0 0.0 0.0 0.0 0.0 0.0 0.0
84 0 0.0 0.0 0.0 0.0 0.0 0.0 0.0 0.0 0.0 0.0
84 1 0.0 0.0 0.0 0.0 0.0 0.0 0.0 0.0 0.0 0.0
84 2 0.0 0.0 0.0 0.0 0.0 0.0 0.0 0.0 0.0 0.0
84 3 0.0 0.0 0.0 0.0 0.0 0.0 0.0 0.0 0.0 0.0
84 4 0.0 0.0 0.0 0.0 0.0 0.0 0.0 0.0 0.0 0.0
84 5 0.0 0.0 0.0 0.0 0.0 0.0 0.0 0.0 0.0 0.0
84 6 0.0 0.0 0.0 0.0 0.0 0.0 0.0 0.0 0.0 0.0
84 7 0.0 0.0 0.0 0.0 0.0 0.0 0.0 0.0 0.0 0.0
84 8 0.0 0.0 0.0 0.0 0.0 0.0 0.0 0.0 0.0 0.0
84 9 0.0 0.0 0.0 0.0 0.0 0.0 0.0 0.0 0.0 0.0
84 10 0.0 0.0 0.0 0.0 0.0 0.0 0.0 0.0 0.0 0.0
84 11 0.0 0.0 0.0 0.0 0.0 0.0 0.0 0.0 0.0 0.0
85 0 0.0 0.0 0.0 0.0 0.0 0.0 0.0 0.0 0.0 0.0
85 1 0.0 0.0 0.0 0.0 0.0 0.0 0.0 0.0 0.0 0.0
85 2 0.0 0.0 0.0 0.0 0.0 0.0 0.0 0.0 0.0 0.0
85 3 0.0 0.0 0.0 0.0 0.0 0.0 0.0 0.0 0.0 0.0
85 4 0.0 0.0 0.0 0.0 0.0 0.0 0.0 0.0 0.0 0.0
85 5 0.0 0.0 0.0 0.0 0.0 0.0 0.0 0.0 0.0 0.0
85 6 0.0 0.0 0.0 0.0 0.0 0.0 0.0 0.0 0.0 0.0
85 7 0.0 0.0 0.0 0.0 0.0 0.0 0.0 0.0 0.0 0.0
85 8 0.0 0.0 0.0 0.0 0.0 0.0 0.0 0.0 0.0 0.0
85 9 0.0 0.0 0.0 0.0 0.0 0.0 0.0 0.0 0.0 0.0
85 10 0.0 0.0 0.0 0.0 0.0 0.0 0.0 0.0 0.0 0.0
85 11 0.0 0.0 0.0 0.0 0.0 0.0 0.0 0.0 0.0 0.0
86 0 0.0 0.0 0.0 0.0 0.0 0.0 0.0 0.0 0.0 0.0
86 1 0.0 0.0 0.0 0.0 0.0 0.0 0.0 0.0 0.0 0.0
86 2 0.0 0.0 0.0 0.0 0.0 0.0 0.0 0.0 0.0 0.0
86 3 0.0 0.0 0.0 0.0 0.0 0.0 0.0 0.0 0.0 0.0
86 4 0.0 0.0 0.0 0.0 0.0 0.0 0.0 0.0 0.0 0.0
86 5 0.0 0.0 0.0 0.0 0.0 0.0 0.0 0.0 0.0 0.0
86 6 0.0 0.0 0.0 0.0 0.0 0.0 0.0 0.0 0.0 0.0
86 7 0.0 0.0 0.0 0.0 0.0 0.0 0.0 0.0 0.0 0.0
86 8 0.0 0.0 0.0 0.0 0.0 0.0 0.0 0.0 0.0 0.0
86 9 0.0 0.0 0.0 0.0 0.0 0.0 0.0 0.0 0.0 0.0
86 10 0.0 0.0 0.0 0.0 0.0 0.0 0.0 0.0 0.0 0.0
86 11 0.0 0.0 0.0 0.0 0.0 0.0 0.0 0.0 0.0 0.0
87 0 0.0 0.0 0.0 0.0 0.0 0.0 0.0 0.0 0.0 0.0
87 1 0.0 0.0 0.0 0.0 0.0 0.0 0.0 0.0 0.0 0.0
87 2 0.0 0.0 0.0 0.0 0.0 0.0 0.0 0.0 0.0 0.0
87 3 0.0 0.0 0.0 0.0 0.0 0.0 0.0 0.0 0.0 0.0
87 4 0.0 0.0 0.0 0.0 0.0 0.0 0.0 0.0 0.0 0.0
87 5 0.0 0.0 0.0 0.0 0.0 0.0 0.0 0.0 0.0 0.0
87 6 0.0 0.0 0.0 0.0 0.0 0.0 0.0 0.0 0.0 0.0
87 7 0.0 0.0 0.0 0.0 0.0 0.0 0.0 0.0 0.0 0.0
87 8 0.0 0.0 0.0 0.0 0.0 0.0 0.0 0.0 0.0 0.0
87 9 0.0 0.0 0.0 0.0 0.0 0.0 0.0 0.0 0.0 0.0
87 10 0.0 0.0 0.0 0.0 0.0 0.0 0.0 0.0 0.0 0.0
87 11 0.0 0.0 0.0 0.0 0.0 0.0 0.0 0.0 0.0 0.0
88 0 0.0 0.0 0.0 0.0 0.0 0.0 0.0 0.0 0.0 0.0
88 1 0.0 0.0 0.0 0.0 0.0 0.0 0.0 0.0 0.0 0.0
88 2 0.0 0.0 0.0 0.0 0.0 0.0 0.0 0.0 0.0 0.0
88 3 0.0 0.0 0.0 0.0 0.0 0.0 0.0 0.0 0.0 0.0
88 4 0.0 0.0 0.0 0.0 0.0 0.0 0.0 0.0 0.0 0.0
88 5 0.0 0.0 0.0 0.0 0.0 0.0 0.0 0.0 0.0 0.0
88 6 0.0 0.0 0.0 0.0 0.0 0.0 0.0 0.0 0.0 0.0
88 7 0.0 0.0 0.0 0.0 0.0 0.0 0.0 0.0 0.0 0.0
88 8 0.0 0.0 0.0 0.0 0.0 0.0 0.0 0.0 0.0 0.0
88 9 0.0 0.0 0.0 0.0 0.0 0.0 0.0 0.0 0.0 0.0
88 10 0.0 0.0 0.0 0.0 0.0 0.0 0.0 0.0 0.0 0.0
88 11 0.0 0.0 0.0 0.0 0.0 0.0 0.0 0.0 0.0 0.0
89 0 0.0 0.0 0.0 0.0 0.0 0.0 0.0 0.0 0.0 0.0
89 1 0.0 0.0 0.0 0.0 0.0 0.0 0.0 0.0 0.0 0.0
89 2 0.0 0.0 0.0 0.0 0.0 0.0 0.0 0.0 0.0 0.0
89 3 0.0 0.0 0.0 0.0 0.0 0.0 0.0 0.0 0.0 0.0
89 4 0.0 0.0 0.0 0.0 0.0 0.0 0.0 0.0 0.0 0.0
89 5 0.0 0.0 0.0 0.0 0.0 0.0 0.0 0.0 0.0 0.0
89 6 0.0 0.0 0.0 0.0 0.0 0.0 0.0 0.0 0.0 0.0
89 7 0.0 0.0 0.0 0.0 0.0 0.0 0.0 0.0 0.0 0.0
89 8 0.0 0.0 0.0 0.0 0.0 0.0 0.0 0.0 0.0 0.0
89 9 0.0 0.0 0.0 0.0 0.0 0.0 0.0 0.0 0.0 0.0
89 10 0.0 0.0 0.0 0.0 0.0 0.0 0.0 0.0 0.0 0.0
89 11 0.0 0.0 0.0 0.0 0.0 0.0 0.0 0.0 0.0 0.0
90 0 0.0 0.0 0.0 0.0 0.0 0.0 0.0 0.0 0.0 0.0
90 1 0.0 0.0 0.0 0.0 0.0 0.0 0.0 0.0 0.0 0.0
90 2 0.0 0.0 0.0 0.0 0.0 0.0 0.0 0.0 0.0 0.0
90 3 0.0 0.0 0.0 0.0 0.0 0.0 0.0 0.0 0.0 0.0
90 4 0.0 0.0 0.0 0.0 0.0 0.0 0.0 0.0 0.0 0.0
90 5 0.0 0.0 0.0 0.0 0.0 0.0 0.0 0.0 0.0 0.0
90 6 0.0 0.0 0.0 0.0 0.0 0.0 0.0 0.0 0.0 0.0
90 7 0.0 0.0 0.0 0.0 0.0 0.0 0.0 0.0 0.0 0.0
90 8 0.0 0.0 0.0 0.0 0.0 0.0 0.0 0.0 0.0 0.0
90 9 0.0 0.0 0.0 0.0 0.0 0.0 0.0 0.0 0.0 0.0
90 10 0.0 0.0 0.0 0.0 0.0 0.0 0.0 0.0 0.0 0.0
90 11 0.0 0.0 0.0 0.0 0.0 0.0 0.0 0.0 0.0 0.0
91 0 0.0 0.0 0.0 0.0 0.0 0.0 0.0 0.0 0.0 0.0
91 1 0.0 0.0 0.0 0.0 0.0 0.0 0.0 0.0 0.0 0.0
91 2 0.0 0.0 0.0 0.0 0.0 0.0 0.0 0.0 0.0 0.0
91 3 0.0 0.0 0.0 0.0 0.0 0.0 0.0 0.0 0.0 0.0
91 4 0.0 0.0 0.0 0.0 0.0 0.0 0.0 0.0 0.0 0.0
91 5 0.0 0.0 0.0 0.0 0.0 0.0 0.0 0.0 0.0 0.0
91 6 0.0 0.0 0.0 0.0 0.0 0.0 0.0 0.0 0.0 0.0
91 7 0.0 0.0 0.0 0.0 0.0 0.0 0.0 0.0 0.0 0.0
91 8 0.0 0.0 0.0 0.0 0.0 0.0 0.0 0.0 0.0 0.0
91 9 0.0 0.0 0.0 0.0 0.0 0.0 0.0 0.0 0.0 0.0
91 10 0.0 0.0 0.0 0.0 0.0 0.0 0.0 0.0 0.0 0.0
91 11 0.0 0.0 0.0 0.0 0.0 0.0 0.0 0.0 0.0 0.0
92 0 0.0 0.0 0.0 0.0 0.0 0.0 0.0 0.0 0.0 0.0
92 1 0.0 0.0 0.0 0.0 0.0 0.0 0.0 0.0 0.0 0.0
92 2 0.0 0.0 0.0 0.0 0.0 0.0 0.0 0.0 0.0 0.0
92 3 0.0 0.0 0.0 0.0 0.0 0.0 0.0 0.0 0.0 0.0
92 4 0.0 0.0 0.0 0.0 0.0 0.0 0.0 0.0 0.0 0.0
92 5 0.0 0.0 0.0 0.0 0.0 0.0 0.0 0.0 0.0 0.0
92 6 0.0 0.0 0.0 0.0 0.0 0.0 0.0 0.0 0.0 0.0
92 7 0.0 0.0 0.0 0.0 0.0 0.0 0.0 0.0 0.0 0.0
92 8 0.0 0.0 0.0 0.0 0.0 0.0 0.0 0.0 0.0 0.0
92 9 0.0 0.0 0.0 0.0 0.0 0.0 0.0 0.0 0.0 0.0
92 10 0.0 0.0 0.0 0.0 0.0 0.0 0.0 0.0 0.0 0.0
92 11 0.0 0.0 0.0 0.0 0.0 0.0 0.0 0.0 0.0 0.0
93 0 0.0 0.0 0.0 0.0 0.0 0.0 0.0 0.0 0.0 0.0
93 1 0.0 0.0 0.0 0.0 0.0 0.0 0.0 0.0 0.0 0.0
93 2 0.0 0.0 0.0 0.0 0.0 0.0 0.0 0.0 0.0 0.0
93 3 0.0 0.0 0.0 0.0 0.0 0.0 0.0 0.0 0.0 0.0
93 4 0.0 0.0 0.0 0.0 0.0 0.0 0.0 0.0 0.0 0.0
93 5 0.0 0.0 0.0 0.0 0.0 0.0 0.0 0.0 0.0 0.0
93 6 0.0 0.0 0.0 0.0 0.0 0.0 0.0 0.0 0.0 0.0
93 7 0.0 0.0 0.0 0.0 0.0 0.0 0.0 0.0 0.0 0.0
93 8 0.0 0.0 0.0 0.0 0.0 0.0 0.0 0.0 0.0 0.0
93 9 0.0 0.0 0.0 0.0 0.0 0.0 0.0 0.0 0.0 0.0
93 10 0.0 0.0 0.0 0.0 0.0 0.0 0.0 0.0 0.0 0.0
93 11 0.0 0.0 0.0 0.0 0.0 0.0 0.0 0.0 0.0 0.0
94 0 0.0 0.0 0.0 0.0 0.0 0.0 0.0 0.0 0.0 0.0
94 1 0.0 0.0 0.0 0.0 0.0 0.0 0.0 0.0 0.0 0.0
94 2 0.0 0.0 0.0 0.0 0.0 0.0 0.0 0.0 0.0 0.0
94 3 0.0 0.0 0.0 0.0 0.0 0.0 0.0 0.0 0.0 0.0
94 4 0.0 0.0 0.0 0.0 0.0 0.0 0.0 0.0 0.0 0.0
94 5 0.0 0.0 0.0 0.0 0.0 0.0 0.0 0.0 0.0 0.0
94 6 0.0 0.0 0.0 0.0 0.0 0.0 0.0 0.0 0.0 0.0
94 7 0.0 0.0 0.0 0.0 0.0 0.0 0.0 0.0 0.0 0.0
94 8 0.0 0.0 0.0 0.0 0.0 0.0 0.0 0.0 0.0 0.0
94 9 0.0 0.0 0.0 0.0 0.0 0.0 0.0 0.0 0.0 0.0
94 10 0.0 0.0 0.0 0.0 0.0 0.0 0.0 0.0 0.0 0.0
94 11 0.0 0.0 0.0 0.0 0.0 0.0 0.0 0.0 0.0 0.0
95 0 0.0 0.0 0.0 0.0 0.0 0.0 0.0 0.0 0.0 0.0
95 1 0.0 0.0 0.0 0.0 0.0 0.0 0.0 0.0 0.0 0.0
95 2 0.0 0.0 0.0 0.0 0.0 0.0 0.0 0.0 0.0 0.0
95 3 0.0 0.0 0.0 0.0 0.0 0.0 0.0 0.0 0.0 0.0
95 4 0.0 0.0 0.0 0.0 0.0 0.0 0.0 0.0 0.0 0.0
95 5 0.0 0.0 0.0 0.0 0.0 0.0 0.0 0.0 0.0 0.0
95 6 0.0 0.0 0.0 0.0 0.0 0.0 0.0 0.0 0.0 0.0
95 7 0.0 0.0 0.0 0.0 0.0 0.0 0.0 0.0 0.0 0.0
95 8 0.0 0.0 0.0 0.0 0.0 0.0 0.0 0.0 0.0 0.0
95 9 0.0 0.0 0.0 0.0 0.0 0.0 0.0 0.0 0.0 0.0
95 10 0.0 0.0 0.0 0.0 0.0 0.0 0.0 0.0 0.0 0.0
95 11 0.0 0.0 0.0 0.0 0.0 0.0 0.0 0.0 0.0 0.0
96 0 0.0 0.0 0.0 0.0 0.0 0.0 0.0 0.0 0.0 0.0
96 1 0.0 0.0 0.0 0.0 0.0 0.0 0.0 0.0 0.0 0.0
96 2 0.0 0.0 0.0 0.0 0.0 0.0 0.0 0.0 0.0 0.0
96 3 0.0 0.0 0.0 0.0 0.0 0.0 0.0 0.0 0.0 0.0
96 4 0.0 0.0 0.0 0.0 0.0 0.0 0.0 0.0 0.0 0.0
96 5 0.0 0.0 0.0 0.0 0.0 0.0 0.0 0.0 0.0 0.0
96 6 0.0 0.0 0.0 0.0 0.0 0.0 0.0 0.0 0.0 0.0
96 7 0.0 0.0 0.0 0.0 0.0 0.0 0.0 0.0 0.0 0.0
96 8 0.0 0.0 0.0 0.0 0.0 0.0 0.0 0.0 0.0 0.0
96 9 0.0 0.0 0.0 0.0 0.0 0.0 0.0 0.0 0.0 0.0
96 10 0.0 0.0 0.0 0.0 0.0 0.0 0.0 0.0 0.0 0.0
96 11 0.0 0.0 0.0 0.0 0.0 0.0 0.0 0.0 0.0 0.0
97 0 0.0 0.0 0.0 0.0 0.0 0.0 0.0 0.0 0.0 0.0
97 1 0.0 0.0 0.0 0.0 0.0 0.0 0.0 0.0 0.0 0.0
97 2 0.0 0.0 0.0 0.0 0.0 0.0 0.0 0.0 0.0 0.0
97 3 0.0 0.0 0.0 0.0 0.0 0.0 0.0 0.0 0.0 0.0
97 4 0.0 0.0 0.0 0.0 0.0 0.0 0.0 0.0 0.0 0.0
97 5 0.0 0.0 0.0 0.0 0.0 0.0 0.0 0.0 0.0 0.0
97 6 0.0 0.0 0.0 0.0 0.0 0.0 0.0 0.0 0.0 0.0
97 7 0.0 0.0 0.0 0.0 0.0 0.0 0.0 0.0 0.0 0.0
97 8 0.0 0.0 0.0 0.0 0.0 0.0 0.0 0.0 0.0 0.0
97 9 0.0 0.0 0.0 0.0 0.0 0.0 0.0 0.0 0.0 0.0
97 10 0.0 0.0 0.0 0.0 0.0 0.0 0.0 0.0 0.0 0.0
97 11 0.0 0.0 0.0 0.0 0.0 0.0 0.0 0.0 0.0 0.0
98 0 0.0 0.0 0.0 0.0 0.0 0.0 0.0 0.0 0.0 0.0
98 1 0.0 0.0 0.0 0.0 0.0 0.0 0.0 0.0 0.0 0.0
98 2 0.0 0.0 0.0 0.0 0.0 0.0 0.0 0.0 0.0 0.0
98 3 0.0 0.0 0.0 0.0 0.0 0.0 0.0 0.0 0.0 0.0
98 4 0.0 0.0 0.0 0.0 0.0 0.0 0.0 0.0 0.0 0.0
98 5 0.0 0.0 0.0 0.0 0.0 0.0 0.0 0.0 0.0 0.0
98 6 0.0 0.0 0.0 0.0 0.0 0.0 0.0 0.0 0.0 0.0
98 7 0.0 0.0 0.0 0.0 0.0 0.0 0.0 0.0 0.0 0.0
98 8 0.0 0.0 0.0 0.0 0.0 0.0 0.0 0.0 0.0 0.0
98 9 0.0 0.0 0.0 0.0 0.0 0.0 0.0 0.0 0.0 0.0
98 10 0.0 0.0 0.0 0.0 0.0 0.0 0.0 0.0 0.0 0.0
98 11 0.0 0.0 0.0 0.0 0.0 0.0 0.0 0.0 0.0 0.0
99 0 0.0 0.0 0.0 0.0 0.0 0.0 0.0 0.0 0.0 0.0
99 1 0.0 0.0 0.0 0.0 0.0 0.0 0.0 0.0 0.0 0.0
99 2 0.0 0.0 0.0 0.0 0.0 0.0 0.0 0.0 0.0 0.0
99 3 0.0 0.0 0.0 0.0 0.0 0.0 0.0 0.0 0.0 0.0
99 4 0.0 0.0 0.0 0.0 0.0 0.0 0.0 0.0 0.0 0.0
99 5 0.0 0.0 0.0 0.0 0.0 0.0 0.0 0.0 0.0 0.0
99 6 0.0 0.0 0.0 0.0 0.0 0.0 0.0 0.0 0.0 0.0
99 7 0.0 0.0 0.0 0.0 0.0 0.0 0.0 0.0 0.0 0.0
99 8 0.0 0.0 0.0 0.0 0.0 0.0 0.0 0.0 0.0 0.0
99 9 0.0 0.0 0.0 0.0 0.0 0.0 0.0 0.0 0.0 0.0
99 10 0.0 0.0 0.0 0.0 0.0 0.0 0.0 0.0 0.0 0.0
99 11 0.0 0.0 0.0 0.0 0.0 0.0 0.0 0.0 0.0 0.0
100 0 0.0 0.0 0.0 0.0 0.0 0.0 0.0 0.0 0.0 0.0
100 1 0.0 0.0 0.0 0.0 0.0 0.0 0.0 0.0 0.0 0.0
100 2 0.0 0.0 0.0 0.0 0.0 0.0 0.0 0.0 0.0 0.0
100 3 0.0 0.0 0.0 0.0 0.0 0.0 0.0 0.0 0.0 0.0
100 4 0.0 0.0 0.0 0.0 0.0 0.0 0.0 0.0 0.0 0.0
100 5 0.0 0.0 0.0 0.0 0.0 0.0 0.0 0.0 0.0 0.0
100 6 0.0 0.0 0.0 0.0 0.0 0.0 0.0 0.0 0.0 0.0
100 7 0.0 0.0 0.0 0.0 0.0 0.0 0.0 0.0 0.0 0.0
100 8 0.0 0.0 0.0 0.0 0.0 0.0 0.0 0.0 0.0 0.0
100 9 0.0 0.0 0.0 0.0 0.0 0.0 0.0 0.0 0.0 0.0
100 10 0.0 0.0 0.0 0.0 0.0 0.0 0.0 0.0 0.0 0.0
100 11 0.0 0.0 0.0 0.0 0.0 0.0 0.0 0.0 0.0 0.0
101 0 0.0 0.0 0.0 0.0 0.0 0.0 0.0 0.0 0.0 0.0
101 1 0.0 0.0 0.0 0.0 0.0 0.0 0.0 0.0 0.0 0.0
101 2 0.0 0.0 0.0 0.0 0.0 0.0 0.0 0.0 0.0 0.0
101 3 0.0 0.0 0.0 0.0 0.0 0.0 0.0 0.0 0.0 0.0
101 4 0.0 0.0 0.0 0.0 0.0 0.0 0.0 0.0 0.0 0.0
101 5 0.0 0.0 0.0 0.0 0.0 0.0 0.0 0.0 0.0 0.0
101 6 0.0 0.0 0.0 0.0 0.0 0.0 0.0 0.0 0.0 0.0
101 7 0.0 0.0 0.0 0.0 0.0 0.0 0.0 0.0 0.0 0.0
101 8 0.0 0.0 0.0 0.0 0.0 0.0 0.0 0.0 0.0 0.0
101 9 0.0 0.0 0.0 0.0 0.0 0.0 0.0 0.0 0.0 0.0
101 10 0.0 0.0 0.0 0.0 0.0 0.0 0.0 0.0 0.0 0.0
101 11 0.0 0.0 0.0 0.0 0.0 0.0 0.0 0.0 0.0 0.0
