1 0 166.6869659423828 -7.777667045593262 0.015763292089104652 0.0 0.0 3.0 2.0 0.0 0.0 1.5153977870941162
1 1 53.73989486694336 -4.5 0.0 0.0 0.0 3.0 2.0 0.0 0.0 6.839050769805908
1 2 126.2078857421875 -4.5 0.0 0.0 0.0 3.0 2.0 0.0 0.0 2.8686680793762207
1 3 191.17918395996094 -4.5 0.0 0.0 0.0 3.0 2.0 0.0 0.0 1.5199949741363525
1 4 -21.730302810668945 -1.5 0.0 0.0 0.0 3.0 2.0 0.0 0.0 26.39706802368164
1 5 246.15489196777344 -4.5 0.0 0.0 0.0 3.0 2.0 0.0 0.0 46.179256439208984
1 6 0.0 0.0 0.0 0.0 0.0 0.0 0.0 0.0 0.0 0.0
1 7 140.6979522705078 -1.5 0.0 0.0 0.0 3.0 2.0 0.0 0.0 5.378058910369873
1 8 0.0 0.0 0.0 0.0 0.0 0.0 0.0 0.0 0.0 0.0
1 9 173.18359375 -1.5 0.0 0.0 0.0 3.0 2.0 0.0 0.0 4.6803975105285645
1 10 220.66262817382812 -1.5 0.0 0.0 0.0 3.0 2.0 0.0 0.0 21.146968841552734
1 11 0.0 0.0 0.0 0.0 0.0 0.0 0.0 0.0 0.0 0.0
1 12 216.1999969482422 -10.5 0.0 0.0 0.0 3.0 2.0 0.0 0.0 16.813386917114258
2 0 170.30979919433594 -7.720554828643799 0.013950292021036148 0.0 0.0 3.0 2.0 0.0 0.0 1.5148881673812866
2 1 57.14189529418945 -4.5 0.0 0.0 0.0 3.0 2.0 0.0 0.0 6.5921311378479
2 2 129.60787963867188 -4.5 0.0 0.0 0.0 3.0 2.0 0.0 0.0 2.738179922103882
2 3 194.5791778564453 -4.5 0.0 0.0 0.0 3.0 2.0 0.0 0.0 1.5084809064865112
2 4 -19.326303482055664 -1.5 0.0 0.0 0.0 3.0 2.0 0.0 0.0 24.423416137695312
2 5 249.45289611816406 -4.5 0.0 0.0 0.0 3.0 2.0 0.0 0.0 49.475643157958984
2 6 0.0 0.0 0.0 0.0 0.0 0.0 0.0 0.0 0.0 0.0
2 7 143.19595336914062 -1.5 0.0 0.0 0.0 3.0 2.0 0.0 0.0 5.305187702178955
2 8 0.0 0.0 0.0 0.0 0.0 0.0 0.0 0.0 0.0 0.0
2 9 175.8835906982422 -1.5 0.0 0.0 0.0 3.0 2.0 0.0 0.0 4.645458698272705
2 10 223.5606231689453 -1.5 0.0 0.0 0.0 3.0 2.0 0.0 0.0 23.986513137817383
2 11 0.0 0.0 0.0 0.0 0.0 0.0 0.0 0.0 0.0 0.0
2 12 218.60000610351562 -10.5 0.0 0.0 0.0 3.0 2.0 0.0 0.0 19.136613845825195
3 0 173.93272399902344 -7.670010566711426 0.012137291952967644 0.0 0.0 3.0 2.0 0.0 0.0 1.5144813060760498
3 1 60.545894622802734 -4.5 0.0 0.0 0.0 3.0 2.0 0.0 0.0 6.353606224060059
3 2 133.0078887939453 -4.5 0.0 0.0 0.0 3.0 2.0 0.0 0.0 2.6297366619110107
3 3 197.97918701171875 -4.5 0.0 0.0 0.0 3.0 2.0 0.0 0.0 1.5020612478256226
3 4 -16.918302536010742 -1.5 0.0 0.0 0.0 3.0 2.0 0.0 0.0 22.53046226501465
3 5 0.0 0.0 0.0 0.0 0.0 0.0 0.0 0.0 0.0 0.0
3 6 0.0 0.0 0.0 0.0 0.0 0.0 0.0 0.0 0.0 0.0
3 7 145.6979522705078 -1.5 0.0 0.0 0.0 3.0 2.0 0.0 0.0 5.236210346221924
3 8 0.0 0.0 0.0 0.0 0.0 0.0 0.0 0.0 0.0 0.0
3 9 178.58360290527344 -1.5 0.0 0.0 0.0 3.0 2.0 0.0 0.0 4.615152835845947
3 10 226.4586181640625 -1.5 0.0 0.0 0.0 3.0 2.0 0.0 0.0 26.838565826416016
3 11 0.0 0.0 0.0 0.0 0.0 0.0 0.0 0.0 0.0 0.0
3 12 221.02000427246094 -10.5 0.0 0.0 0.0 3.0 2.0 0.0 0.0 21.496288299560547
4 0 177.5557403564453 -7.626034736633301 0.010324792005121708 0.0 0.0 3.0 2.0 0.0 0.0 1.5141814947128296
4 1 63.949893951416016 -4.5 0.0 0.0 0.0 3.0 2.0 0.0 0.0 6.119403839111328
4 2 136.4078826904297 -4.5 0.0 0.0 0.0 3.0 2.0 0.0 0.0 2.5110015869140625
4 3 201.37918090820312 -4.5 0.0 0.0 0.0 3.0 2.0 0.0 0.0 2.037679433822632
4 4 -14.508302688598633 -1.5 0.0 0.0 0.0 3.0 2.0 0.0 0.0 20.743135452270508
4 5 0.0 0.0 0.0 0.0 0.0 0.0 0.0 0.0 0.0 0.0
4 6 0.0 0.0 0.0 0.0 0.0 0.0 0.0 0.0 0.0 0.0
4 7 148.199951171875 -1.5 0.0 0.0 0.0 3.0 2.0 0.0 0.0 5.170197486877441
4 8 0.0 0.0 0.0 0.0 0.0 0.0 0.0 0.0 0.0 0.0
4 9 181.28160095214844 -1.5 0.0 0.0 0.0 3.0 2.0 0.0 0.0 4.588413238525391
4 10 229.35862731933594 -1.5 0.0 0.0 0.0 3.0 2.0 0.0 0.0 29.701501846313477
4 11 0.0 0.0 0.0 0.0 0.0 0.0 0.0 0.0 0.0 0.0
4 12 223.447998046875 -10.5 0.0 0.0 0.0 3.0 2.0 0.0 0.0 23.87590217590332
5 0 181.17681884765625 -7.588646411895752 0.008512292057275772 0.0 0.0 3.0 2.0 0.0 0.0 1.5137056112289429
5 1 67.35589599609375 -4.5 0.0 0.0 0.0 3.0 2.0 0.0 0.0 5.892011642456055
5 2 139.80587768554688 -4.5 0.0 0.0 0.0 3.0 2.0 0.0 0.0 2.412902355194092
5 3 204.7771759033203 -4.5 0.0 0.0 0.0 3.0 2.0 0.0 0.0 5.007139682769775
5 4 -12.098302841186523 -1.5 0.0 0.0 0.0 3.0 2.0 0.0 0.0 19.093191146850586
5 5 0.0 0.0 0.0 0.0 0.0 0.0 0.0 0.0 0.0 0.0
5 6 0.0 0.0 0.0 0.0 0.0 0.0 0.0 0.0 0.0 0.0
5 7 150.7019500732422 -1.5 0.0 0.0 0.0 3.0 2.0 0.0 0.0 5.106308937072754
5 8 0.0 0.0 0.0 0.0 0.0 0.0 0.0 0.0 0.0 0.0
5 9 183.9835968017578 -1.5 0.0 0.0 0.0 3.0 2.0 0.0 0.0 4.564308166503906
5 10 232.2606201171875 -1.5 0.0 0.0 0.0 3.0 2.0 0.0 0.0 32.572959899902344
5 11 0.0 0.0 0.0 0.0 0.0 0.0 0.0 0.0 0.0 0.0
5 12 225.8820037841797 -10.5 0.0 0.0 0.0 3.0 2.0 0.0 0.0 26.270286560058594
6 0 184.7999725341797 -7.557804584503174 0.006701291538774967 0.0 0.0 3.0 2.0 0.0 0.0 1.5136176347732544
6 1 70.75989532470703 -4.5 0.0 0.0 0.0 3.0 2.0 0.0 0.0 5.669283866882324
6 2 143.2058868408203 -4.5 0.0 0.0 0.0 3.0 2.0 0.0 0.0 2.3059990406036377
6 3 208.1711883544922 -4.5 0.0 0.0 0.0 3.0 2.0 0.0 0.0 8.307727813720703
6 4 -9.68630313873291 -1.5 0.0 0.0 0.0 3.0 2.0 0.0 0.0 17.618122100830078
6 5 0.0 0.0 0.0 0.0 0.0 0.0 0.0 0.0 0.0 0.0
6 6 0.0 0.0 0.0 0.0 0.0 0.0 0.0 0.0 0.0 0.0
6 7 153.2019500732422 -1.5 0.0 0.0 0.0 3.0 2.0 0.0 0.0 5.047314167022705
6 8 0.0 0.0 0.0 0.0 0.0 0.0 0.0 0.0 0.0 0.0
6 9 186.68959045410156 -1.5 0.0 0.0 0.0 3.0 2.0 0.0 0.0 4.544979572296143
6 10 235.16262817382812 -1.5 0.0 0.0 0.0 3.0 2.0 0.0 0.0 35.44940948486328
6 11 0.0 0.0 0.0 0.0 0.0 0.0 0.0 0.0 0.0 0.0
6 12 228.33599853515625 -10.5 0.0 0.0 0.0 3.0 2.0 0.0 0.0 28.69109344482422
7 0 188.41517639160156 -7.5335774421691895 0.004892791621387005 0.0 0.0 3.0 2.0 0.0 0.0 1.5125682353973389
7 1 74.16189575195312 -4.5 0.0 0.0 0.0 3.0 2.0 0.0 0.0 5.452845573425293
7 2 146.6018829345703 -4.5 0.0 0.0 0.0 3.0 2.0 0.0 0.0 2.219064474105835
7 3 211.5631866455078 -4.5 0.0 0.0 0.0 3.0 2.0 0.0 0.0 11.660075187683105
7 4 -7.270302772521973 -1.5 0.0 0.0 0.0 3.0 2.0 0.0 0.0 16.365243911743164
7 5 0.0 0.0 0.0 0.0 0.0 0.0 0.0 0.0 0.0 0.0
7 6 0.0 0.0 0.0 0.0 0.0 0.0 0.0 0.0 0.0 0.0
7 7 155.7019500732422 -1.5 0.0 0.0 0.0 3.0 2.0 0.0 0.0 4.990013122558594
7 8 0.0 0.0 0.0 0.0 0.0 0.0 0.0 0.0 0.0 0.0
7 9 189.39559936523438 -1.5 0.0 0.0 0.0 3.0 2.0 0.0 0.0 4.529055595397949
7 10 238.06661987304688 -1.5 0.0 0.0 0.0 3.0 2.0 0.0 0.0 38.3316764831543
7 11 0.0 0.0 0.0 0.0 0.0 0.0 0.0 0.0 0.0 0.0
7 12 230.79800415039062 -10.5 0.0 0.0 0.0 3.0 2.0 0.0 0.0 31.125019073486328
8 0 192.02842712402344 -7.515898704528809 0.0030847915913909674 0.0 0.0 3.0 2.0 0.0 0.0 1.511441707611084
8 1 77.5658950805664 -4.5 0.0 0.0 0.0 3.0 2.0 0.0 0.0 5.2414679527282715
8 2 149.9978790283203 -4.5 0.0 0.0 0.0 3.0 2.0 0.0 0.0 2.125243902206421
8 3 214.95118713378906 -4.5 0.0 0.0 0.0 3.0 2.0 0.0 0.0 15.026246070861816
8 4 -4.858302593231201 -1.5 0.0 0.0 0.0 3.0 2.0 0.0 0.0 15.393499374389648
8 5 0.0 0.0 0.0 0.0 0.0 0.0 0.0 0.0 0.0 0.0
8 6 0.0 0.0 0.0 0.0 0.0 0.0 0.0 0.0 0.0 0.0
8 7 158.199951171875 -1.5 0.0 0.0 0.0 3.0 2.0 0.0 0.0 4.936557292938232
8 8 0.0 0.0 0.0 0.0 0.0 0.0 0.0 0.0 0.0 0.0
8 9 192.09959411621094 -1.5 0.0 0.0 0.0 3.0 2.0 0.0 0.0 4.515833854675293
8 10 240.97462463378906 -1.5 0.0 0.0 0.0 3.0 2.0 0.0 0.0 41.220985412597656
8 11 0.0 0.0 0.0 0.0 0.0 0.0 0.0 0.0 0.0 0.0
8 12 233.27000427246094 -10.5 0.0 0.0 0.0 3.0 2.0 0.0 0.0 33.57294845581055
9 0 195.64169311523438 -7.504752159118652 0.0012772916816174984 0.0 0.0 3.0 2.0 0.0 0.0 1.5095926523208618
9 1 80.96989440917969 -4.5 0.0 0.0 0.0 3.0 2.0 0.0 0.0 5.036713600158691
9 2 153.39588928222656 -4.5 0.0 0.0 0.0 3.0 2.0 0.0 0.0 2.049129009246826
9 3 218.33718872070312 -4.5 0.0 0.0 0.0 3.0 2.0 0.0 0.0 18.3984375
9 4 -2.446302652359009 -1.5 0.0 0.0 0.0 3.0 2.0 0.0 0.0 14.755809783935547
9 5 0.0 0.0 0.0 0.0 0.0 0.0 0.0 0.0 0.0 0.0
9 6 0.0 0.0 0.0 0.0 0.0 0.0 0.0 0.0 0.0 0.0
9 7 160.6919403076172 -1.5 0.0 0.0 0.0 3.0 2.0 0.0 0.0 4.886369705200195
9 8 0.0 0.0 0.0 0.0 0.0 0.0 0.0 0.0 0.0 0.0
9 9 194.79959106445312 -1.5 0.0 0.0 0.0 3.0 2.0 0.0 0.0 4.507568836212158
9 10 243.88262939453125 -1.5 0.0 0.0 0.0 3.0 2.0 0.0 0.0 44.112754821777344
9 11 0.0 0.0 0.0 0.0 0.0 0.0 0.0 0.0 0.0 0.0
9 12 235.76199340820312 -10.5 0.0 0.0 0.0 3.0 2.0 0.0 0.0 36.044010162353516
10 0 199.2529754638672 -7.5001397132873535 3.86806350434199e-05 0.0 0.0 3.0 2.0 0.0 0.0 1.5077286958694458
10 1 84.37589263916016 -4.5 0.0 0.0 0.0 3.0 2.0 0.0 0.0 4.837777614593506
10 2 156.78988647460938 -4.5 0.0 0.0 0.0 3.0 2.0 0.0 0.0 1.967390775680542
10 3 221.72117614746094 -4.5 0.0 0.0 0.0 3.0 2.0 0.0 0.0 21.772911071777344
10 4 -0.032302677631378174 -1.5 0.0 0.0 0.0 3.0 2.0 0.0 0.0 14.457755088806152
10 5 0.0 0.0 0.0 0.0 0.0 0.0 0.0 0.0 0.0 0.0
10 6 0.0 0.0 0.0 0.0 0.0 0.0 0.0 0.0 0.0 0.0
10 7 163.18594360351562 -1.5 0.0 0.0 0.0 3.0 2.0 0.0 0.0 4.8380351066589355
10 8 0.0 0.0 0.0 0.0 0.0 0.0 0.0 0.0 0.0 0.0
10 9 197.49960327148438 -1.5 0.0 0.0 0.0 3.0 2.0 0.0 0.0 4.508181571960449
10 10 246.79061889648438 -1.5 0.0 0.0 0.0 3.0 2.0 0.0 0.0 47.00651168823242
10 11 0.0 0.0 0.0 0.0 0.0 0.0 0.0 0.0 0.0 0.0
10 12 238.26400756835938 -10.5 0.0 0.0 0.0 3.0 2.0 0.0 0.0 38.5276985168457
11 0 202.86241149902344 -7.5 0.0 0.0 0.0 3.0 2.0 0.0 0.0 3.231623649597168
11 1 87.77789306640625 -4.5 0.0 0.0 0.0 3.0 2.0 0.0 0.0 4.644650936126709
11 2 160.1838836669922 -4.5 0.0 0.0 0.0 3.0 2.0 0.0 0.0 1.9010505676269531
11 3 225.107177734375 -4.5 0.0 0.0 0.0 3.0 2.0 0.0 0.0 25.151948928833008
11 4 2.379697322845459 -1.5 0.0 0.0 0.0 3.0 2.0 0.0 0.0 14.218505859375
11 5 0.0 0.0 0.0 0.0 0.0 0.0 0.0 0.0 0.0 0.0
11 6 0.0 0.0 0.0 0.0 0.0 0.0 0.0 0.0 0.0 0.0
11 7 165.6879425048828 -1.5 0.0 0.0 0.0 3.0 2.0 0.0 0.0 4.794634819030762
11 8 0.0 0.0 0.0 0.0 0.0 0.0 0.0 0.0 0.0 0.0
11 9 200.193603515625 -1.5 0.0 0.0 0.0 3.0 2.0 0.0 0.0 4.504162788391113
11 10 249.69862365722656 -1.5 0.0 0.0 0.0 3.0 2.0 0.0 0.0 49.90193176269531
11 11 0.0 0.0 0.0 0.0 0.0 0.0 0.0 0.0 0.0 0.0
11 12 240.7760009765625 -10.5 0.0 0.0 0.0 3.0 2.0 0.0 0.0 41.023555755615234
12 0 206.46841430664062 -7.5 0.0 0.0 0.0 3.0 2.0 0.0 0.0 6.640054702758789
12 1 91.18189239501953 -4.5 0.0 0.0 0.0 3.0 2.0 0.0 0.0 4.46201229095459
12 2 163.577880859375 -4.5 0.0 0.0 0.0 3.0 2.0 0.0 0.0 1.8316874504089355
12 3 228.49317932128906 -4.5 0.0 0.0 0.0 3.0 2.0 0.0 0.0 28.532636642456055
12 4 4.7916975021362305 -1.5 0.0 0.0 0.0 3.0 2.0 0.0 0.0 13.98377513885498
12 5 0.0 0.0 0.0 0.0 0.0 0.0 0.0 0.0 0.0 0.0
12 6 0.0 0.0 0.0 0.0 0.0 0.0 0.0 0.0 0.0 0.0
12 7 168.1919403076172 -1.5 0.0 0.0 0.0 3.0 2.0 0.0 0.0 4.753089427947998
12 8 0.0 0.0 0.0 0.0 0.0 0.0 0.0 0.0 0.0 0.0
12 9 202.88760375976562 -1.5 0.0 0.0 0.0 3.0 2.0 0.0 0.0 5.34679651260376
12 10 0.0 0.0 0.0 0.0 0.0 0.0 0.0 0.0 0.0 0.0
12 11 0.0 0.0 0.0 0.0 0.0 0.0 0.0 0.0 0.0 0.0
12 12 243.30799865722656 -10.5 0.005905443336814642 0.0 0.0 3.0 2.0 0.0 0.0 43.54116439819336
13 0 210.06117248535156 -7.5 0.0 0.0 0.0 3.0 2.0 0.0 0.0 10.172371864318848
13 1 94.58589172363281 -4.5 0.0 0.0 0.0 3.0 2.0 0.0 0.0 4.274735450744629
13 2 166.973876953125 -4.5 0.0 0.0 0.0 3.0 2.0 0.0 0.0 1.776171326637268
13 3 231.87918090820312 -4.5 0.0 0.0 0.0 3.0 2.0 0.0 0.0 31.91444969177246
13 4 7.20169734954834 -1.5 0.0 0.0 0.0 3.0 2.0 0.0 0.0 13.750726699829102
13 5 0.0 0.0 0.0 0.0 0.0 0.0 0.0 0.0 0.0 0.0
13 6 0.0 0.0 0.0 0.0 0.0 0.0 0.0 0.0 0.0 0.0
13 7 170.7159423828125 -1.5 0.0 0.0 0.0 3.0 2.0 0.0 0.0 4.714449405670166
13 8 0.0 0.0 0.0 0.0 0.0 0.0 0.0 0.0 0.0 0.0
13 9 205.5775909423828 -1.5 0.0 0.0 0.0 3.0 2.0 0.0 0.0 7.166554927825928
13 10 0.0 0.0 0.0 0.0 0.0 0.0 0.0 0.0 0.0 0.0
13 11 0.0 0.0 0.0 0.0 0.0 0.0 0.0 0.0 0.0 0.0
13 12 245.84800720214844 -10.484999656677246 0.017728637903928757 0.0 0.0 3.0 2.0 0.0 0.0 46.06684494018555
14 0 213.64132690429688 -7.5 0.0 0.0 0.0 3.0 2.0 0.0 0.0 13.723551750183105
14 1 97.993896484375 -4.5 0.0 0.0 0.0 3.0 2.0 0.0 0.0 4.1025285720825195
14 2 170.36988830566406 -4.5 0.0 0.0 0.0 3.0 2.0 0.0 0.0 1.7200970649719238
14 3 235.2611846923828 -4.5 0.0 0.0 0.0 3.0 2.0 0.0 0.0 35.29307174682617
14 4 9.607697486877441 -1.5 0.0 0.0 0.0 3.0 2.0 0.0 0.0 13.523796081542969
14 5 0.0 0.0 0.0 0.0 0.0 0.0 0.0 0.0 0.0 0.0
14 6 0.0 0.0 0.0 0.0 0.0 0.0 0.0 0.0 0.0 0.0
14 7 173.241943359375 -1.5 0.0 0.0 0.0 3.0 2.0 0.0 0.0 4.6800150871276855
14 8 0.0 0.0 0.0 0.0 0.0 0.0 0.0 0.0 0.0 0.0
14 9 208.26959228515625 -1.5 0.0 0.0 0.0 3.0 2.0 0.0 0.0 9.41467571258545
14 10 0.0 0.0 0.0 0.0 0.0 0.0 0.0 0.0 0.0 0.0
14 11 0.0 0.0 0.0 0.0 0.0 0.0 0.0 0.0 0.0 0.0
14 12 248.38600158691406 -10.4399995803833 0.0294725950807333 0.0 0.0 3.0 2.0 0.0 0.0 48.58928298950195
15 0 217.20932006835938 -7.5 0.004217824898660183 0.0 0.0 3.0 2.0 0.0 0.0 17.274568557739258
15 1 101.39789581298828 -4.5 0.0 0.0 0.0 3.0 2.0 0.0 0.0 3.927738666534424
15 2 173.76588439941406 -4.5 0.0 0.0 0.0 3.0 2.0 0.0 0.0 1.6754188537597656
15 3 238.6411895751953 -4.5 0.0 0.0 0.0 3.0 2.0 0.0 0.0 38.670291900634766
15 4 12.011697769165039 -1.5 0.0 0.0 0.0 3.0 2.0 0.0 0.0 13.296380996704102
15 5 0.0 0.0 0.0 0.0 0.0 0.0 0.0 0.0 0.0 0.0
15 6 0.0 0.0 0.0 0.0 0.0 0.0 0.0 0.0 0.0 0.0
15 7 175.7679443359375 -1.5 0.0 0.0 0.0 3.0 2.0 0.0 0.0 4.646756649017334
15 8 0.0 0.0 0.0 0.0 0.0 0.0 0.0 0.0 0.0 0.0
15 9 210.9615936279297 -1.5 0.0 0.0 0.0 3.0 2.0 0.0 0.0 11.849331855773926
15 10 0.0 0.0 0.0 0.0 0.0 0.0 0.0 0.0 0.0 0.0
15 11 0.0 0.0 0.0 0.0 0.0 0.0 0.0 0.0 0.0 0.0
15 12 0.0 0.0 0.0 0.0 0.0 0.0 0.0 0.0 0.0 0.0
16 0 220.76564025878906 -7.485000133514404 0.012693054974079132 0.0 0.0 3.0 2.0 0.0 0.0 20.81867027282715
16 1 104.79589080810547 -4.5 0.0 0.0 0.0 3.0 2.0 0.0 0.0 3.7680702209472656
16 2 177.16387939453125 -4.5 0.0 0.0 0.0 3.0 2.0 0.0 0.0 1.631277322769165
16 3 242.02117919921875 -4.5 0.0 0.0 0.0 3.0 2.0 0.0 0.0 42.047943115234375
16 4 14.411697387695312 -1.5 0.0 0.0 0.0 3.0 2.0 0.0 0.0 13.073843955993652
16 5 0.0 0.0 0.0 0.0 0.0 0.0 0.0 0.0 0.0 0.0
16 6 0.0 0.0 0.0 0.0 0.0 0.0 0.0 0.0 0.0 0.0
16 7 178.2959442138672 -1.5 0.0 0.0 0.0 3.0 2.0 0.0 0.0 4.619839668273926
16 8 0.0 0.0 0.0 0.0 0.0 0.0 0.0 0.0 0.0 0.0
16 9 213.6555938720703 -1.5 0.0 0.0 0.0 3.0 2.0 0.0 0.0 14.377948760986328
16 10 0.0 0.0 0.0 0.0 0.0 0.0 0.0 0.0 0.0 0.0
16 11 0.0 0.0 0.0 0.0 0.0 0.0 0.0 0.0 0.0 0.0
16 12 0.0 0.0 0.0 0.0 0.0 0.0 0.0 0.0 0.0 0.0
17 0 224.31069946289062 -7.440000057220459 0.021217642351984978 0.0 0.0 3.0 2.0 0.0 0.0 24.353309631347656
17 1 108.19389343261719 -4.5 0.0 0.0 0.0 3.0 2.0 0.0 0.0 3.6054396629333496
17 2 180.55987548828125 -4.5 0.0 0.0 0.0 3.0 2.0 0.0 0.0 1.5969465970993042
17 3 245.40318298339844 -4.5 0.0 0.0 0.0 3.0 2.0 0.0 0.0 45.42795181274414
17 4 16.813697814941406 -1.5 0.0 0.0 0.0 3.0 2.0 0.0 0.0 12.854069709777832
17 5 0.0 0.0 0.0 0.0 0.0 0.0 0.0 0.0 0.0 0.0
17 6 0.0 0.0 0.0 0.0 0.0 0.0 0.0 0.0 0.0 0.0
17 7 180.82794189453125 -1.5 0.0 0.0 0.0 3.0 2.0 0.0 0.0 4.5925798416137695
17 8 0.0 0.0 0.0 0.0 0.0 0.0 0.0 0.0 0.0 0.0
17 9 216.34759521484375 -1.5 0.0 0.0 0.0 3.0 2.0 0.0 0.0 16.95564842224121
17 10 0.0 0.0 0.0 0.0 0.0 0.0 0.0 0.0 0.0 0.0
17 11 0.0 0.0 0.0 0.0 0.0 0.0 0.0 0.0 0.0 0.0
17 12 0.0 0.0 0.0 0.0 0.0 0.0 0.0 0.0 0.0 0.0
18 0 227.84495544433594 -7.364999771118164 0.02978661097586155 0.0 0.0 3.0 2.0 0.0 0.0 27.87839698791504
18 1 111.58989715576172 -4.5 0.0 0.0 0.0 3.0 2.0 0.0 0.0 3.4558117389678955
18 2 183.9558868408203 -4.5 0.0 0.0 0.0 3.0 2.0 0.0 0.0 1.5645825862884521
18 3 248.78318786621094 -4.5 0.0 0.0 0.0 3.0 2.0 0.0 0.0 48.806243896484375
18 4 19.217697143554688 -1.5 0.0 0.0 0.0 3.0 2.0 0.0 0.0 12.637083053588867
18 5 0.0 0.0 0.0 0.0 0.0 0.0 0.0 0.0 0.0 0.0
18 6 0.0 0.0 0.0 0.0 0.0 0.0 0.0 0.0 0.0 0.0
18 7 183.36195373535156 -1.5 0.0 0.0 0.0 3.0 2.0 0.0 0.0 4.573002338409424
18 8 0.0 0.0 0.0 0.0 0.0 0.0 0.0 0.0 0.0 0.0
18 9 219.04159545898438 -1.5 0.0 0.0 0.0 3.0 2.0 0.0 0.0 19.56610679626465
18 10 0.0 0.0 0.0 0.0 0.0 0.0 0.0 0.0 0.0 0.0
18 11 0.0 0.0 0.0 0.0 0.0 0.0 0.0 0.0 0.0 0.0
18 12 0.0 0.0 0.0 0.0 0.0 0.0 0.0 0.0 0.0 0.0
19 0 231.36898803710938 -7.260000228881836 0.03839712217450142 0.0 0.0 3.0 2.0 0.0 0.0 31.394285202026367
19 1 114.9878921508789 -4.5 0.0 0.0 0.0 3.0 2.0 0.0 0.0 3.3052632808685303
19 2 187.34988403320312 -4.5 0.0 0.0 0.0 3.0 2.0 0.0 0.0 1.5414775609970093
19 3 0.0 0.0 0.0 0.0 0.0 0.0 0.0 0.0 0.0 0.0
19 4 21.62169647216797 -1.5 0.0 0.0 0.0 3.0 2.0 0.0 0.0 12.422236442565918
19 5 0.0 0.0 0.0 0.0 0.0 0.0 0.0 0.0 0.0 0.0
19 6 0.0 0.0 0.0 0.0 0.0 0.0 0.0 0.0 0.0 0.0
19 7 185.89195251464844 -1.5 0.0 0.0 0.0 3.0 2.0 0.0 0.0 4.550677299499512
19 8 0.0 0.0 0.0 0.0 0.0 0.0 0.0 0.0 0.0 0.0
19 9 221.74159240722656 -1.5 0.0 0.0 0.0 3.0 2.0 0.0 0.0 22.20241355895996
19 10 0.0 0.0 0.0 0.0 0.0 0.0 0.0 0.0 0.0 0.0
19 11 0.0 0.0 0.0 0.0 0.0 0.0 0.0 0.0 0.0 0.0
19 12 0.0 0.0 0.0 0.0 0.0 0.0 0.0 0.0 0.0 0.0
20 0 234.88314819335938 -7.125 0.04704728350043297 0.0 0.0 3.0 2.0 0.0 0.0 34.90128707885742
20 1 118.38389587402344 -4.5 0.0 0.0 0.0 3.0 2.0 0.0 0.0 3.1657471656799316
20 2 190.74588012695312 -4.5 0.0 0.0 0.0 3.0 2.0 0.0 0.0 1.5222055912017822
20 3 0.0 0.0 0.0 0.0 0.0 0.0 0.0 0.0 0.0 0.0
20 4 24.02769660949707 -1.5 0.0 0.0 0.0 3.0 2.0 0.0 0.0 12.209707260131836
20 5 0.0 0.0 0.0 0.0 0.0 0.0 0.0 0.0 0.0 0.0
20 6 0.0 0.0 0.0 0.0 0.0 0.0 0.0 0.0 0.0 0.0
20 7 188.42994689941406 -1.5 0.0 0.0 0.0 3.0 2.0 0.0 0.0 4.533982276916504
20 8 0.0 0.0 0.0 0.0 0.0 0.0 0.0 0.0 0.0 0.0
20 9 224.4416046142578 -1.5 0.0 0.0 0.0 3.0 2.0 0.0 0.0 24.852399826049805
20 10 0.0 0.0 0.0 0.0 0.0 0.0 0.0 0.0 0.0 0.0
20 11 0.0 0.0 0.0 0.0 0.0 0.0 0.0 0.0 0.0 0.0
20 12 0.0 0.0 0.0 0.0 0.0 0.0 0.0 0.0 0.0 0.0
21 0 238.38766479492188 -6.960000038146973 0.05573273077607155 0.0 0.0 3.0 2.0 0.0 0.0 38.399662017822266
21 1 121.77789306640625 -4.5 0.0 0.0 0.0 3.0 2.0 0.0 0.0 3.028446674346924
21 2 194.14187622070312 -4.5 0.0 0.0 0.0 3.0 2.0 0.0 0.0 1.5101853609085083
21 3 0.0 0.0 0.0 0.0 0.0 0.0 0.0 0.0 0.0 0.0
21 4 26.439697265625 -1.5 0.0 0.0 0.0 3.0 2.0 0.0 0.0 12.000885009765625
21 5 0.0 0.0 0.0 0.0 0.0 0.0 0.0 0.0 0.0 0.0
21 6 0.0 0.0 0.0 0.0 0.0 0.0 0.0 0.0 0.0 0.0
21 7 190.9659423828125 -1.5 0.0 0.0 0.0 3.0 2.0 0.0 0.0 4.521432399749756
21 8 0.0 0.0 0.0 0.0 0.0 0.0 0.0 0.0 0.0 0.0
21 9 227.14759826660156 -1.5 0.0 0.0 0.0 3.0 2.0 0.0 0.0 27.518033981323242
21 10 0.0 0.0 0.0 0.0 0.0 0.0 0.0 0.0 0.0 0.0
21 11 0.0 0.0 0.0 0.0 0.0 0.0 0.0 0.0 0.0 0.0
21 12 0.0 0.0 0.0 0.0 0.0 0.0 0.0 0.0 0.0 0.0
22 0 241.8828887939453 -6.764999866485596 0.06445016711950302 0.0 0.0 3.0 2.0 0.0 0.0 41.88987731933594
22 1 125.16789245605469 -4.5 0.0 0.0 0.0 3.0 2.0 0.0 0.0 2.900707960128784
22 2 197.5378875732422 -4.5 0.0 0.0 0.0 3.0 2.0 0.0 0.0 1.5025116205215454
22 3 0.0 0.0 0.0 0.0 0.0 0.0 0.0 0.0 0.0 0.0
22 4 28.85169792175293 -1.5 0.0 0.0 0.0 3.0 2.0 0.0 0.0 11.795188903808594
22 5 0.0 0.0 0.0 0.0 0.0 0.0 0.0 0.0 0.0 0.0
22 6 0.0 0.0 0.0 0.0 0.0 0.0 0.0 0.0 0.0 0.0
22 7 193.4999542236328 -1.5 0.0 0.0 0.0 3.0 2.0 0.0 0.0 4.511547088623047
22 8 0.0 0.0 0.0 0.0 0.0 0.0 0.0 0.0 0.0 0.0
22 9 229.8535919189453 -1.5 0.0 0.0 0.0 3.0 2.0 0.0 0.0 30.190839767456055
22 10 0.0 0.0 0.0 0.0 0.0 0.0 0.0 0.0 0.0 0.0
22 11 0.0 0.0 0.0 0.0 0.0 0.0 0.0 0.0 0.0 0.0
22 12 0.0 0.0 0.0 0.0 0.0 0.0 0.0 0.0 0.0 0.0
23 0 245.36912536621094 -6.539999961853027 0.07385921478271484 0.0 0.0 3.0 2.0 0.0 0.0 45.372344970703125
23 1 128.55589294433594 -4.5 0.0 0.0 0.0 3.0 2.0 0.0 0.0 2.775742769241333
23 2 200.93588256835938 -4.5 0.0 0.0 0.0 3.0 2.0 0.0 0.0 1.76801335811615
23 3 0.0 0.0 0.0 0.0 0.0 0.0 0.0 0.0 0.0 0.0
23 4 31.265697479248047 -1.5 0.0 0.0 0.0 3.0 2.0 0.0 0.0 11.589829444885254
23 5 0.0 0.0 0.0 0.0 0.0 0.0 0.0 0.0 0.0 0.0
23 6 0.0 0.0 0.0 0.0 0.0 0.0 0.0 0.0 0.0 0.0
23 7 196.03395080566406 -1.5 0.0 0.0 0.0 3.0 2.0 0.0 0.0 4.505647659301758
23 8 0.0 0.0 0.0 0.0 0.0 0.0 0.0 0.0 0.0 0.0
23 9 232.5615997314453 -1.5 0.0 0.0 0.0 3.0 2.0 0.0 0.0 32.87107849121094
23 10 0.0 0.0 0.0 0.0 0.0 0.0 0.0 0.0 0.0 0.0
23 11 0.0 0.0 0.0 0.0 0.0 0.0 0.0 0.0 0.0 0.0
23 12 0.0 0.0 0.0 0.0 0.0 0.0 0.0 0.0 0.0 0.0
24 0 248.8153533935547 -6.284999847412109 0.08347567915916443 0.0 0.0 3.0 2.0 0.0 0.0 48.81618118286133
24 1 131.9398956298828 -4.5 0.0 0.0 0.0 3.0 2.0 0.0 0.0 2.658137559890747
24 2 204.33387756347656 -4.5 0.0 0.0 0.0 3.0 2.0 0.0 0.0 4.586122035980225
24 3 0.0 0.0 0.0 0.0 0.0 0.0 0.0 0.0 0.0 0.0
24 4 33.681697845458984 -1.5 0.0 0.0 0.0 3.0 2.0 0.0 0.0 11.389108657836914
24 5 0.0 0.0 0.0 0.0 0.0 0.0 0.0 0.0 0.0 0.0
24 6 0.0 0.0 0.0 0.0 0.0 0.0 0.0 0.0 0.0 0.0
24 7 198.5679473876953 -1.5 0.0 0.0 0.0 3.0 2.0 0.0 0.0 4.501459121704102
24 8 0.0 0.0 0.0 0.0 0.0 0.0 0.0 0.0 0.0 0.0
24 9 235.26759338378906 -1.5 0.0 0.0 0.0 3.0 2.0 0.0 0.0 35.553531646728516
24 10 0.0 0.0 0.0 0.0 0.0 0.0 0.0 0.0 0.0 0.0
24 11 0.0 0.0 0.0 0.0 0.0 0.0 0.0 0.0 0.0 0.0
24 12 0.0 0.0 0.0 0.0 0.0 0.0 0.0 0.0 0.0 0.0
25 0 0.0 0.0 0.0 0.0 0.0 0.0 0.0 0.0 0.0 0.0
25 1 135.3238983154297 -4.5 0.0 0.0 0.0 3.0 2.0 0.0 0.0 2.5452849864959717
25 2 207.72988891601562 -4.5 0.0 0.0 0.0 3.0 2.0 0.0 0.0 7.874083995819092
25 3 0.0 0.0 0.0 0.0 0.0 0.0 0.0 0.0 0.0 0.0
25 4 36.09769821166992 -1.5 0.0 0.0 0.0 3.0 2.0 0.0 0.0 11.190147399902344
25 5 0.0 0.0 0.0 0.0 0.0 0.0 0.0 0.0 0.0 0.0
25 6 0.0 0.0 0.0 0.0 0.0 0.0 0.0 0.0 0.0 0.0
25 7 201.09994506835938 -1.5 0.0 0.0 0.0 3.0 2.0 0.0 0.0 4.632482051849365
25 8 0.0 0.0 0.0 0.0 0.0 0.0 0.0 0.0 0.0 0.0
25 9 237.97560119628906 -1.5 0.0 0.0 0.0 3.0 2.0 0.0 0.0 38.24129104614258
25 10 0.0 0.0 0.0 0.0 0.0 0.0 0.0 0.0 0.0 0.0
25 11 0.0 0.0 0.0 0.0 0.0 0.0 0.0 0.0 0.0 0.0
25 12 0.0 0.0 0.0 0.0 0.0 0.0 0.0 0.0 0.0 0.0
26 0 0.0 0.0 0.0 0.0 0.0 0.0 0.0 0.0 0.0 0.0
26 1 138.70989990234375 -4.5 0.0 0.0 0.0 3.0 2.0 0.0 0.0 2.4381954669952393
26 2 211.1298828125 -4.5 0.0 0.0 0.0 3.0 2.0 0.0 0.0 11.230504035949707
26 3 0.0 0.0 0.0 0.0 0.0 0.0 0.0 0.0 0.0 0.0
26 4 38.51569747924805 -1.5 0.0 0.0 0.0 3.0 2.0 0.0 0.0 10.997445106506348
26 5 0.0 0.0 0.0 0.0 0.0 0.0 0.0 0.0 0.0 0.0
26 6 0.0 0.0 0.0 0.0 0.0 0.0 0.0 0.0 0.0 0.0
26 7 203.6359405517578 -1.5 0.0 0.0 0.0 3.0 2.0 0.0 0.0 5.7853312492370605
26 8 0.0 0.0 0.0 0.0 0.0 0.0 0.0 0.0 0.0 0.0
26 9 240.68359375 -1.5 0.0 0.0 0.0 3.0 2.0 0.0 0.0 40.93171691894531
26 10 0.0 0.0 0.0 0.0 0.0 0.0 0.0 0.0 0.0 0.0
26 11 0.0 0.0 0.0 0.0 0.0 0.0 0.0 0.0 0.0 0.0
26 12 0.0 0.0 0.0 0.0 0.0 0.0 0.0 0.0 0.0 0.0
27 0 0.0 0.0 0.0 0.0 0.0 0.0 0.0 0.0 0.0 0.0
27 1 142.09388732910156 -4.5 0.0 0.0 0.0 3.0 2.0 0.0 0.0 2.3470284938812256
27 2 214.5278778076172 -4.5 0.0 0.0 0.0 3.0 2.0 0.0 0.0 14.605112075805664
27 3 0.0 0.0 0.0 0.0 0.0 0.0 0.0 0.0 0.0 0.0
27 4 40.93569564819336 -1.5 0.0 0.0 0.0 3.0 2.0 0.0 0.0 10.801918029785156
27 5 0.0 0.0 0.0 0.0 0.0 0.0 0.0 0.0 0.0 0.0
27 6 0.0 0.0 0.0 0.0 0.0 0.0 0.0 0.0 0.0 0.0
27 7 206.1719512939453 -1.5 0.0 0.0 0.0 3.0 2.0 0.0 0.0 7.638257026672363
27 8 0.0 0.0 0.0 0.0 0.0 0.0 0.0 0.0 0.0 0.0
27 9 243.3916015625 -1.5 0.0 0.0 0.0 3.0 2.0 0.0 0.0 43.62431716918945
27 10 0.0 0.0 0.0 0.0 0.0 0.0 0.0 0.0 0.0 0.0
27 11 0.0 0.0 0.0 0.0 0.0 0.0 0.0 0.0 0.0 0.0
27 12 0.0 0.0 0.0 0.0 0.0 0.0 0.0 0.0 0.0 0.0
28 0 0.0 0.0 0.0 0.0 0.0 0.0 0.0 0.0 0.0 0.0
28 1 145.47789001464844 -4.5 0.0 0.0 0.0 3.0 2.0 0.0 0.0 2.243411064147949
28 2 217.92388916015625 -4.5 0.0 0.0 0.0 3.0 2.0 0.0 0.0 17.98654556274414
28 3 0.0 0.0 0.0 0.0 0.0 0.0 0.0 0.0 0.0 0.0
28 4 43.357696533203125 -1.5 0.0 0.0 0.0 3.0 2.0 0.0 0.0 10.611895561218262
28 5 0.0 0.0 0.0 0.0 0.0 0.0 0.0 0.0 0.0 0.0
28 6 0.0 0.0 0.0 0.0 0.0 0.0 0.0 0.0 0.0 0.0
28 7 208.70794677734375 -1.5 0.0 0.0 0.0 3.0 2.0 0.0 0.0 9.801959037780762
28 8 0.0 0.0 0.0 0.0 0.0 0.0 0.0 0.0 0.0 0.0
28 9 246.1035919189453 -1.5 0.0 0.0 0.0 3.0 2.0 0.0 0.0 46.32268524169922
28 10 0.0 0.0 0.0 0.0 0.0 0.0 0.0 0.0 0.0 0.0
28 11 0.0 0.0 0.0 0.0 0.0 0.0 0.0 0.0 0.0 0.0
28 12 0.0 0.0 0.0 0.0 0.0 0.0 0.0 0.0 0.0 0.0
29 0 0.0 0.0 0.0 0.0 0.0 0.0 0.0 0.0 0.0 0.0
29 1 148.8638916015625 -4.5 0.0 0.0 0.0 3.0 2.0 0.0 0.0 2.1601340770721436
29 2 221.31788635253906 -4.5 0.0 0.0 0.0 3.0 2.0 0.0 0.0 21.37059783935547
29 3 0.0 0.0 0.0 0.0 0.0 0.0 0.0 0.0 0.0 0.0
29 4 45.77969741821289 -1.5 0.0 0.0 0.0 3.0 2.0 0.0 0.0 10.426191329956055
29 5 0.0 0.0 0.0 0.0 0.0 0.0 0.0 0.0 0.0 0.0
29 6 0.0 0.0 0.0 0.0 0.0 0.0 0.0 0.0 0.0 0.0
29 7 211.2539520263672 -1.5 0.0 0.0 0.0 3.0 2.0 0.0 0.0 12.120288848876953
29 8 0.0 0.0 0.0 0.0 0.0 0.0 0.0 0.0 0.0 0.0
29 9 248.8135986328125 -1.5 0.0 0.0 0.0 3.0 2.0 0.0 0.0 49.02058410644531
29 10 0.0 0.0 0.0 0.0 0.0 0.0 0.0 0.0 0.0 0.0
29 11 0.0 0.0 0.0 0.0 0.0 0.0 0.0 0.0 0.0 0.0
29 12 0.0 0.0 0.0 0.0 0.0 0.0 0.0 0.0 0.0 0.0
30 0 0.0 0.0 0.0 0.0 0.0 0.0 0.0 0.0 0.0 0.0
30 1 152.24989318847656 -4.5 0.0 0.0 0.0 3.0 2.0 0.0 0.0 2.070404052734375
30 2 224.71388244628906 -4.5 0.0 0.0 0.0 3.0 2.0 0.0 0.0 24.75935935974121
30 3 0.0 0.0 0.0 0.0 0.0 0.0 0.0 0.0 0.0 0.0
30 4 48.197696685791016 -1.5 0.0 0.0 0.0 3.0 2.0 0.0 0.0 10.239978790283203
30 5 0.0 0.0 0.0 0.0 0.0 0.0 0.0 0.0 0.0 0.0
30 6 0.0 0.0 0.0 0.0 0.0 0.0 0.0 0.0 0.0 0.0
30 7 213.79994201660156 -1.5 0.0 0.0 0.0 3.0 2.0 0.0 0.0 14.515107154846191
30 8 0.0 0.0 0.0 0.0 0.0 0.0 0.0 0.0 0.0 0.0
30 9 0.0 0.0 0.0 0.0 0.0 0.0 0.0 0.0 0.0 0.0
30 10 0.0 0.0 0.0 0.0 0.0 0.0 0.0 0.0 0.0 0.0
30 11 0.0 0.0 0.0 0.0 0.0 0.0 0.0 0.0 0.0 0.0
30 12 0.0 0.0 0.0 0.0 0.0 0.0 0.0 0.0 0.0 0.0
31 0 0.0 0.0 0.0 0.0 0.0 0.0 0.0 0.0 0.0 0.0
31 1 155.63589477539062 -4.5 0.0 0.0 0.0 3.0 2.0 0.0 0.0 1.9956916570663452
31 2 228.10787963867188 -4.5 0.0 0.0 0.0 3.0 2.0 0.0 0.0 28.147876739501953
31 3 0.0 0.0 0.0 0.0 0.0 0.0 0.0 0.0 0.0 0.0
31 4 50.61969757080078 -1.5 0.0 0.0 0.0 3.0 2.0 0.0 0.0 10.059418678283691
31 5 0.0 0.0 0.0 0.0 0.0 0.0 0.0 0.0 0.0 0.0
31 6 0.0 0.0 0.0 0.0 0.0 0.0 0.0 0.0 0.0 0.0
31 7 216.3479461669922 -1.5 0.0 0.0 0.0 3.0 2.0 0.0 0.0 16.95598602294922
31 8 0.0 0.0 0.0 0.0 0.0 0.0 0.0 0.0 0.0 0.0
31 9 0.0 0.0 0.0 0.0 0.0 0.0 0.0 0.0 0.0 0.0
31 10 0.0 0.0 0.0 0.0 0.0 0.0 0.0 0.0 0.0 0.0
31 11 0.0 0.0 0.0 0.0 0.0 0.0 0.0 0.0 0.0 0.0
31 12 0.0 0.0 0.0 0.0 0.0 0.0 0.0 0.0 0.0 0.0
32 0 0.0 0.0 0.0 0.0 0.0 0.0 0.0 0.0 0.0 0.0
32 1 159.0178985595703 -4.5 0.0 0.0 0.0 3.0 2.0 0.0 0.0 1.9196513891220093
32 2 231.4998779296875 -4.5 0.0 0.0 0.0 3.0 2.0 0.0 0.0 31.535573959350586
32 3 0.0 0.0 0.0 0.0 0.0 0.0 0.0 0.0 0.0 0.0
32 4 53.039695739746094 -1.5 0.0 0.0 0.0 3.0 2.0 0.0 0.0 9.881095886230469
32 5 0.0 0.0 0.0 0.0 0.0 0.0 0.0 0.0 0.0 0.0
32 6 0.0 0.0 0.0 0.0 0.0 0.0 0.0 0.0 0.0 0.0
32 7 218.89195251464844 -1.5 0.0 0.0 0.0 3.0 2.0 0.0 0.0 19.42049789428711
32 8 0.0 0.0 0.0 0.0 0.0 0.0 0.0 0.0 0.0 0.0
32 9 0.0 0.0 0.0 0.0 0.0 0.0 0.0 0.0 0.0 0.0
32 10 0.0 0.0 0.0 0.0 0.0 0.0 0.0 0.0 0.0 0.0
32 11 0.0 0.0 0.0 0.0 0.0 0.0 0.0 0.0 0.0 0.0
32 12 0.0 0.0 0.0 0.0 0.0 0.0 0.0 0.0 0.0 0.0
33 0 0.0 0.0 0.0 0.0 0.0 0.0 0.0 0.0 0.0 0.0
33 1 162.39788818359375 -4.5 0.0 0.0 0.0 3.0 2.0 0.0 0.0 1.8553106784820557
33 2 234.88987731933594 -4.5 0.0 0.0 0.0 3.0 2.0 0.0 0.0 34.9221076965332
33 3 0.0 0.0 0.0 0.0 0.0 0.0 0.0 0.0 0.0 0.0
33 4 55.46169662475586 -1.5 0.0 0.0 0.0 3.0 2.0 0.0 0.0 9.705171585083008
33 5 0.0 0.0 0.0 0.0 0.0 0.0 0.0 0.0 0.0 0.0
33 6 0.0 0.0 0.0 0.0 0.0 0.0 0.0 0.0 0.0 0.0
33 7 221.43394470214844 -1.5 0.0 0.0 0.0 3.0 2.0 0.0 0.0 21.901227951049805
33 8 0.0 0.0 0.0 0.0 0.0 0.0 0.0 0.0 0.0 0.0
33 9 0.0 0.0 0.0 0.0 0.0 0.0 0.0 0.0 0.0 0.0
33 10 0.0 0.0 0.0 0.0 0.0 0.0 0.0 0.0 0.0 0.0
33 11 0.0 0.0 0.0 0.0 0.0 0.0 0.0 0.0 0.0 0.0
33 12 0.0 0.0 0.0 0.0 0.0 0.0 0.0 0.0 0.0 0.0
34 0 0.0 0.0 0.0 0.0 0.0 0.0 0.0 0.0 0.0 0.0
34 1 165.77789306640625 -4.5 0.0 0.0 0.0 3.0 2.0 0.0 0.0 1.7935256958007812
34 2 238.27987670898438 -4.5 0.0 0.0 0.0 3.0 2.0 0.0 0.0 38.30925750732422
34 3 0.0 0.0 0.0 0.0 0.0 0.0 0.0 0.0 0.0 0.0
34 4 57.879695892333984 -1.5 0.0 0.0 0.0 3.0 2.0 0.0 0.0 9.532793998718262
34 5 0.0 0.0 0.0 0.0 0.0 0.0 0.0 0.0 0.0 0.0
34 6 0.0 0.0 0.0 0.0 0.0 0.0 0.0 0.0 0.0 0.0
34 7 223.97994995117188 -1.5 0.0 0.0 0.0 3.0 2.0 0.0 0.0 24.39852523803711
34 8 0.0 0.0 0.0 0.0 0.0 0.0 0.0 0.0 0.0 0.0
34 9 0.0 0.0 0.0 0.0 0.0 0.0 0.0 0.0 0.0 0.0
34 10 0.0 0.0 0.0 0.0 0.0 0.0 0.0 0.0 0.0 0.0
34 11 0.0 0.0 0.0 0.0 0.0 0.0 0.0 0.0 0.0 0.0
34 12 0.0 0.0 0.0 0.0 0.0 0.0 0.0 0.0 0.0 0.0
35 0 0.0 0.0 0.0 0.0 0.0 0.0 0.0 0.0 0.0 0.0
35 1 169.15589904785156 -4.5 0.0 0.0 0.0 3.0 2.0 0.0 0.0 1.7387961149215698
35 2 241.671875 -4.5 0.0 0.0 0.0 3.0 2.0 0.0 0.0 41.69886779785156
35 3 0.0 0.0 0.0 0.0 0.0 0.0 0.0 0.0 0.0 0.0
35 4 60.30169677734375 -1.5 0.0 0.0 0.0 3.0 2.0 0.0 0.0 9.362723350524902
35 5 0.0 0.0 0.0 0.0 0.0 0.0 0.0 0.0 0.0 0.0
35 6 0.0 0.0 0.0 0.0 0.0 0.0 0.0 0.0 0.0 0.0
35 7 226.52194213867188 -1.5 0.0 0.0 0.0 3.0 2.0 0.0 0.0 26.900991439819336
35 8 0.0 0.0 0.0 0.0 0.0 0.0 0.0 0.0 0.0 0.0
35 9 0.0 0.0 0.0 0.0 0.0 0.0 0.0 0.0 0.0 0.0
35 10 0.0 0.0 0.0 0.0 0.0 0.0 0.0 0.0 0.0 0.0
35 11 0.0 0.0 0.0 0.0 0.0 0.0 0.0 0.0 0.0 0.0
35 12 0.0 0.0 0.0 0.0 0.0 0.0 0.0 0.0 0.0 0.0
36 0 0.0 0.0 0.0 0.0 0.0 0.0 0.0 0.0 0.0 0.0
36 1 172.5338897705078 -4.5 0.0 0.0 0.0 3.0 2.0 0.0 0.0 1.703521966934204
36 2 245.06588745117188 -4.5 0.0 0.0 0.0 3.0 2.0 0.0 0.0 45.09084701538086
36 3 0.0 0.0 0.0 0.0 0.0 0.0 0.0 0.0 0.0 0.0
36 4 62.7256965637207 -1.5 0.0 0.0 0.0 3.0 2.0 0.0 0.0 9.198394775390625
36 5 0.0 0.0 0.0 0.0 0.0 0.0 0.0 0.0 0.0 0.0
36 6 0.0 0.0 0.0 0.0 0.0 0.0 0.0 0.0 0.0 0.0
36 7 229.06195068359375 -1.5 0.0 0.0 0.0 3.0 2.0 0.0 0.0 29.408279418945312
36 8 0.0 0.0 0.0 0.0 0.0 0.0 0.0 0.0 0.0 0.0
36 9 0.0 0.0 0.0 0.0 0.0 0.0 0.0 0.0 0.0 0.0
36 10 0.0 0.0 0.0 0.0 0.0 0.0 0.0 0.0 0.0 0.0
36 11 0.0 0.0 0.0 0.0 0.0 0.0 0.0 0.0 0.0 0.0
36 12 0.0 0.0 0.0 0.0 0.0 0.0 0.0 0.0 0.0 0.0
37 0 0.0 0.0 0.0 0.0 0.0 0.0 0.0 0.0 0.0 0.0
37 1 175.91189575195312 -4.5 0.0 0.0 0.0 3.0 2.0 0.0 0.0 1.6453298330307007
37 2 248.4578857421875 -4.5 0.0 0.0 0.0 3.0 2.0 0.0 0.0 48.481101989746094
37 3 0.0 0.0 0.0 0.0 0.0 0.0 0.0 0.0 0.0 0.0
37 4 65.14969635009766 -1.5 0.0 0.0 0.0 3.0 2.0 0.0 0.0 9.031147003173828
37 5 0.0 0.0 0.0 0.0 0.0 0.0 0.0 0.0 0.0 0.0
37 6 0.0 0.0 0.0 0.0 0.0 0.0 0.0 0.0 0.0 0.0
37 7 231.60194396972656 -1.5 0.0 0.0 0.0 3.0 2.0 0.0 0.0 31.92072296142578
37 8 0.0 0.0 0.0 0.0 0.0 0.0 0.0 0.0 0.0 0.0
37 9 0.0 0.0 0.0 0.0 0.0 0.0 0.0 0.0 0.0 0.0
37 10 0.0 0.0 0.0 0.0 0.0 0.0 0.0 0.0 0.0 0.0
37 11 0.0 0.0 0.0 0.0 0.0 0.0 0.0 0.0 0.0 0.0
37 12 0.0 0.0 0.0 0.0 0.0 0.0 0.0 0.0 0.0 0.0
38 0 0.0 0.0 0.0 0.0 0.0 0.0 0.0 0.0 0.0 0.0
38 1 179.29190063476562 -4.5 0.0 0.0 0.0 3.0 2.0 0.0 0.0 1.6164883375167847
38 2 0.0 0.0 0.0 0.0 0.0 0.0 0.0 0.0 0.0 0.0
38 3 0.0 0.0 0.0 0.0 0.0 0.0 0.0 0.0 0.0 0.0
38 4 67.57369995117188 -1.5 0.0 0.0 0.0 3.0 2.0 0.0 0.0 8.870573043823242
38 5 0.0 0.0 0.0 0.0 0.0 0.0 0.0 0.0 0.0 0.0
38 6 0.0 0.0 0.0 0.0 0.0 0.0 0.0 0.0 0.0 0.0
38 7 234.13795471191406 -1.5 0.0 0.0 0.0 3.0 2.0 0.0 0.0 34.43326187133789
38 8 0.0 0.0 0.0 0.0 0.0 0.0 0.0 0.0 0.0 0.0
38 9 0.0 0.0 0.0 0.0 0.0 0.0 0.0 0.0 0.0 0.0
38 10 0.0 0.0 0.0 0.0 0.0 0.0 0.0 0.0 0.0 0.0
38 11 0.0 0.0 0.0 0.0 0.0 0.0 0.0 0.0 0.0 0.0
38 12 0.0 0.0 0.0 0.0 0.0 0.0 0.0 0.0 0.0 0.0
39 0 0.0 0.0 0.0 0.0 0.0 0.0 0.0 0.0 0.0 0.0
39 1 182.67189025878906 -4.5 0.0 0.0 0.0 3.0 2.0 0.0 0.0 1.5757721662521362
39 2 0.0 0.0 0.0 0.0 0.0 0.0 0.0 0.0 0.0 0.0
39 3 0.0 0.0 0.0 0.0 0.0 0.0 0.0 0.0 0.0 0.0
39 4 69.99969482421875 -1.5 0.0 0.0 0.0 3.0 2.0 0.0 0.0 8.71366024017334
39 5 0.0 0.0 0.0 0.0 0.0 0.0 0.0 0.0 0.0 0.0
39 6 0.0 0.0 0.0 0.0 0.0 0.0 0.0 0.0 0.0 0.0
39 7 236.6719512939453 -1.5 0.0 0.0 0.0 3.0 2.0 0.0 0.0 36.94701385498047
39 8 0.0 0.0 0.0 0.0 0.0 0.0 0.0 0.0 0.0 0.0
39 9 0.0 0.0 0.0 0.0 0.0 0.0 0.0 0.0 0.0 0.0
39 10 0.0 0.0 0.0 0.0 0.0 0.0 0.0 0.0 0.0 0.0
39 11 0.0 0.0 0.0 0.0 0.0 0.0 0.0 0.0 0.0 0.0
39 12 0.0 0.0 0.0 0.0 0.0 0.0 0.0 0.0 0.0 0.0
40 0 0.0 0.0 0.0 0.0 0.0 0.0 0.0 0.0 0.0 0.0
40 1 186.05389404296875 -4.5 0.0 0.0 0.0 3.0 2.0 0.0 0.0 1.5545347929000854
40 2 0.0 0.0 0.0 0.0 0.0 0.0 0.0 0.0 0.0 0.0
40 3 0.0 0.0 0.0 0.0 0.0 0.0 0.0 0.0 0.0 0.0
40 4 72.42369842529297 -1.5 0.0 0.0 0.0 3.0 2.0 0.0 0.0 8.556201934814453
40 5 0.0 0.0 0.0 0.0 0.0 0.0 0.0 0.0 0.0 0.0
40 6 0.0 0.0 0.0 0.0 0.0 0.0 0.0 0.0 0.0 0.0
40 7 239.20794677734375 -1.5 0.0 0.0 0.0 3.0 2.0 0.0 0.0 39.4653434753418
40 8 0.0 0.0 0.0 0.0 0.0 0.0 0.0 0.0 0.0 0.0
40 9 0.0 0.0 0.0 0.0 0.0 0.0 0.0 0.0 0.0 0.0
40 10 0.0 0.0 0.0 0.0 0.0 0.0 0.0 0.0 0.0 0.0
40 11 0.0 0.0 0.0 0.0 0.0 0.0 0.0 0.0 0.0 0.0
40 12 0.0 0.0 0.0 0.0 0.0 0.0 0.0 0.0 0.0 0.0
41 0 0.0 0.0 0.0 0.0 0.0 0.0 0.0 0.0 0.0 0.0
41 1 189.43389892578125 -4.5 0.0 0.0 0.0 3.0 2.0 0.0 0.0 1.5288994312286377
41 2 0.0 0.0 0.0 0.0 0.0 0.0 0.0 0.0 0.0 0.0
41 3 0.0 0.0 0.0 0.0 0.0 0.0 0.0 0.0 0.0 0.0
41 4 74.84769439697266 -1.5 0.0 0.0 0.0 3.0 2.0 0.0 0.0 8.404215812683105
41 5 0.0 0.0 0.0 0.0 0.0 0.0 0.0 0.0 0.0 0.0
41 6 0.0 0.0 0.0 0.0 0.0 0.0 0.0 0.0 0.0 0.0
41 7 241.74794006347656 -1.5 0.0 0.0 0.0 3.0 2.0 0.0 0.0 41.98976516723633
41 8 0.0 0.0 0.0 0.0 0.0 0.0 0.0 0.0 0.0 0.0
41 9 0.0 0.0 0.0 0.0 0.0 0.0 0.0 0.0 0.0 0.0
41 10 0.0 0.0 0.0 0.0 0.0 0.0 0.0 0.0 0.0 0.0
41 11 0.0 0.0 0.0 0.0 0.0 0.0 0.0 0.0 0.0 0.0
41 12 0.0 0.0 0.0 0.0 0.0 0.0 0.0 0.0 0.0 0.0
42 0 0.0 0.0 0.0 0.0 0.0 0.0 0.0 0.0 0.0 0.0
42 1 192.8138885498047 -4.5 0.0 0.0 0.0 3.0 2.0 0.0 0.0 1.5155055522918701
42 2 0.0 0.0 0.0 0.0 0.0 0.0 0.0 0.0 0.0 0.0
42 3 0.0 0.0 0.0 0.0 0.0 0.0 0.0 0.0 0.0 0.0
42 4 77.27169799804688 -1.5 0.0 0.0 0.0 3.0 2.0 0.0 0.0 8.254939079284668
42 5 0.0 0.0 0.0 0.0 0.0 0.0 0.0 0.0 0.0 0.0
42 6 0.0 0.0 0.0 0.0 0.0 0.0 0.0 0.0 0.0 0.0
42 7 244.28994750976562 -1.5 0.0 0.0 0.0 3.0 2.0 0.0 0.0 44.51797103881836
42 8 0.0 0.0 0.0 0.0 0.0 0.0 0.0 0.0 0.0 0.0
42 9 0.0 0.0 0.0 0.0 0.0 0.0 0.0 0.0 0.0 0.0
42 10 0.0 0.0 0.0 0.0 0.0 0.0 0.0 0.0 0.0 0.0
42 11 0.0 0.0 0.0 0.0 0.0 0.0 0.0 0.0 0.0 0.0
42 12 0.0 0.0 0.0 0.0 0.0 0.0 0.0 0.0 0.0 0.0
43 0 0.0 0.0 0.0 0.0 0.0 0.0 0.0 0.0 0.0 0.0
43 1 196.1938934326172 -4.5 0.0 0.0 0.0 3.0 2.0 0.0 0.0 1.5038830041885376
43 2 0.0 0.0 0.0 0.0 0.0 0.0 0.0 0.0 0.0 0.0
43 3 0.0 0.0 0.0 0.0 0.0 0.0 0.0 0.0 0.0 0.0
43 4 79.69569396972656 -1.5 0.0 0.0 0.0 3.0 2.0 0.0 0.0 8.107887268066406
43 5 0.0 0.0 0.0 0.0 0.0 0.0 0.0 0.0 0.0 0.0
43 6 0.0 0.0 0.0 0.0 0.0 0.0 0.0 0.0 0.0 0.0
43 7 246.82794189453125 -1.5 0.0 0.0 0.0 3.0 2.0 0.0 0.0 47.04365921020508
43 8 0.0 0.0 0.0 0.0 0.0 0.0 0.0 0.0 0.0 0.0
43 9 0.0 0.0 0.0 0.0 0.0 0.0 0.0 0.0 0.0 0.0
43 10 0.0 0.0 0.0 0.0 0.0 0.0 0.0 0.0 0.0 0.0
43 11 0.0 0.0 0.0 0.0 0.0 0.0 0.0 0.0 0.0 0.0
43 12 0.0 0.0 0.0 0.0 0.0 0.0 0.0 0.0 0.0 0.0
44 0 0.0 0.0 0.0 0.0 0.0 0.0 0.0 0.0 0.0 0.0
44 1 199.5738983154297 -4.5 0.0 0.0 0.0 3.0 2.0 0.0 0.0 1.5007132291793823
44 2 0.0 0.0 0.0 0.0 0.0 0.0 0.0 0.0 0.0 0.0
44 3 0.0 0.0 0.0 0.0 0.0 0.0 0.0 0.0 0.0 0.0
44 4 82.12169647216797 -1.5 0.0 0.0 0.0 3.0 2.0 0.0 0.0 7.963741779327393
44 5 0.0 0.0 0.0 0.0 0.0 0.0 0.0 0.0 0.0 0.0
44 6 0.0 0.0 0.0 0.0 0.0 0.0 0.0 0.0 0.0 0.0
44 7 249.36595153808594 -1.5 0.0 0.0 0.0 3.0 2.0 0.0 0.0 49.57062530517578
44 8 0.0 0.0 0.0 0.0 0.0 0.0 0.0 0.0 0.0 0.0
44 9 0.0 0.0 0.0 0.0 0.0 0.0 0.0 0.0 0.0 0.0
44 10 0.0 0.0 0.0 0.0 0.0 0.0 0.0 0.0 0.0 0.0
44 11 0.0 0.0 0.0 0.0 0.0 0.0 0.0 0.0 0.0 0.0
44 12 0.0 0.0 0.0 0.0 0.0 0.0 0.0 0.0 0.0 0.0
45 0 0.0 0.0 0.0 0.0 0.0 0.0 0.0 0.0 0.0 0.0
45 1 202.95388793945312 -4.5 0.0 0.0 0.0 3.0 2.0 0.0 0.0 3.3129241466522217
45 2 0.0 0.0 0.0 0.0 0.0 0.0 0.0 0.0 0.0 0.0
45 3 0.0 0.0 0.0 0.0 0.0 0.0 0.0 0.0 0.0 0.0
45 4 84.54969787597656 -1.5 0.0 0.0 0.0 3.0 2.0 0.0 0.0 7.823742866516113
45 5 0.0 0.0 0.0 0.0 0.0 0.0 0.0 0.0 0.0 0.0
45 6 0.0 0.0 0.0 0.0 0.0 0.0 0.0 0.0 0.0 0.0
45 7 0.0 0.0 0.0 0.0 0.0 0.0 0.0 0.0 0.0 0.0
45 8 0.0 0.0 0.0 0.0 0.0 0.0 0.0 0.0 0.0 0.0
45 9 0.0 0.0 0.0 0.0 0.0 0.0 0.0 0.0 0.0 0.0
45 10 0.0 0.0 0.0 0.0 0.0 0.0 0.0 0.0 0.0 0.0
45 11 0.0 0.0 0.0 0.0 0.0 0.0 0.0 0.0 0.0 0.0
45 12 0.0 0.0 0.0 0.0 0.0 0.0 0.0 0.0 0.0 0.0
46 0 0.0 0.0 0.0 0.0 0.0 0.0 0.0 0.0 0.0 0.0
46 1 206.3358917236328 -4.5 0.0 0.0 0.0 3.0 2.0 0.0 0.0 6.511029243469238
46 2 0.0 0.0 0.0 0.0 0.0 0.0 0.0 0.0 0.0 0.0
46 3 0.0 0.0 0.0 0.0 0.0 0.0 0.0 0.0 0.0 0.0
46 4 86.97969818115234 -1.5 0.0 0.0 0.0 3.0 2.0 0.0 0.0 7.6847004890441895
46 5 0.0 0.0 0.0 0.0 0.0 0.0 0.0 0.0 0.0 0.0
46 6 0.0 0.0 0.0 0.0 0.0 0.0 0.0 0.0 0.0 0.0
46 7 0.0 0.0 0.0 0.0 0.0 0.0 0.0 0.0 0.0 0.0
46 8 0.0 0.0 0.0 0.0 0.0 0.0 0.0 0.0 0.0 0.0
46 9 0.0 0.0 0.0 0.0 0.0 0.0 0.0 0.0 0.0 0.0
46 10 0.0 0.0 0.0 0.0 0.0 0.0 0.0 0.0 0.0 0.0
46 11 0.0 0.0 0.0 0.0 0.0 0.0 0.0 0.0 0.0 0.0
46 12 0.0 0.0 0.0 0.0 0.0 0.0 0.0 0.0 0.0 0.0
47 0 0.0 0.0 0.0 0.0 0.0 0.0 0.0 0.0 0.0 0.0
47 1 209.7178955078125 -4.5 0.0 0.0 0.0 3.0 2.0 0.0 0.0 9.83298397064209
47 2 0.0 0.0 0.0 0.0 0.0 0.0 0.0 0.0 0.0 0.0
47 3 0.0 0.0 0.0 0.0 0.0 0.0 0.0 0.0 0.0 0.0
47 4 89.40570068359375 -1.5 0.0 0.0 0.0 3.0 2.0 0.0 0.0 7.548618793487549
47 5 0.0 0.0 0.0 0.0 0.0 0.0 0.0 0.0 0.0 0.0
47 6 0.0 0.0 0.0 0.0 0.0 0.0 0.0 0.0 0.0 0.0
47 7 0.0 0.0 0.0 0.0 0.0 0.0 0.0 0.0 0.0 0.0
47 8 0.0 0.0 0.0 0.0 0.0 0.0 0.0 0.0 0.0 0.0
47 9 0.0 0.0 0.0 0.0 0.0 0.0 0.0 0.0 0.0 0.0
47 10 0.0 0.0 0.0 0.0 0.0 0.0 0.0 0.0 0.0 0.0
47 11 0.0 0.0 0.0 0.0 0.0 0.0 0.0 0.0 0.0 0.0
47 12 0.0 0.0 0.0 0.0 0.0 0.0 0.0 0.0 0.0 0.0
48 0 0.0 0.0 0.0 0.0 0.0 0.0 0.0 0.0 0.0 0.0
48 1 213.097900390625 -4.5 0.0 0.0 0.0 3.0 2.0 0.0 0.0 13.183511734008789
48 2 0.0 0.0 0.0 0.0 0.0 0.0 0.0 0.0 0.0 0.0
48 3 0.0 0.0 0.0 0.0 0.0 0.0 0.0 0.0 0.0 0.0
48 4 91.83369445800781 -1.5 0.0 0.0 0.0 3.0 2.0 0.0 0.0 7.4182634353637695
48 5 0.0 0.0 0.0 0.0 0.0 0.0 0.0 0.0 0.0 0.0
48 6 0.0 0.0 0.0 0.0 0.0 0.0 0.0 0.0 0.0 0.0
48 7 0.0 0.0 0.0 0.0 0.0 0.0 0.0 0.0 0.0 0.0
48 8 0.0 0.0 0.0 0.0 0.0 0.0 0.0 0.0 0.0 0.0
48 9 0.0 0.0 0.0 0.0 0.0 0.0 0.0 0.0 0.0 0.0
48 10 0.0 0.0 0.0 0.0 0.0 0.0 0.0 0.0 0.0 0.0
48 11 0.0 0.0 0.0 0.0 0.0 0.0 0.0 0.0 0.0 0.0
48 12 0.0 0.0 0.0 0.0 0.0 0.0 0.0 0.0 0.0 0.0
49 0 0.0 0.0 0.0 0.0 0.0 0.0 0.0 0.0 0.0 0.0
49 1 216.47789001464844 -4.5 0.0 0.0 0.0 3.0 2.0 0.0 0.0 16.546022415161133
49 2 0.0 0.0 0.0 0.0 0.0 0.0 0.0 0.0 0.0 0.0
49 3 0.0 0.0 0.0 0.0 0.0 0.0 0.0 0.0 0.0 0.0
49 4 94.2616958618164 -1.5 0.0 0.0 0.0 3.0 2.0 0.0 0.0 7.287538051605225
49 5 0.0 0.0 0.0 0.0 0.0 0.0 0.0 0.0 0.0 0.0
49 6 0.0 0.0 0.0 0.0 0.0 0.0 0.0 0.0 0.0 0.0
49 7 0.0 0.0 0.0 0.0 0.0 0.0 0.0 0.0 0.0 0.0
49 8 0.0 0.0 0.0 0.0 0.0 0.0 0.0 0.0 0.0 0.0
49 9 0.0 0.0 0.0 0.0 0.0 0.0 0.0 0.0 0.0 0.0
49 10 0.0 0.0 0.0 0.0 0.0 0.0 0.0 0.0 0.0 0.0
49 11 0.0 0.0 0.0 0.0 0.0 0.0 0.0 0.0 0.0 0.0
49 12 0.0 0.0 0.0 0.0 0.0 0.0 0.0 0.0 0.0 0.0
50 0 0.0 0.0 0.0 0.0 0.0 0.0 0.0 0.0 0.0 0.0
50 1 219.85789489746094 -4.5 0.0 0.0 0.0 3.0 2.0 0.0 0.0 19.914472579956055
50 2 0.0 0.0 0.0 0.0 0.0 0.0 0.0 0.0 0.0 0.0
50 3 0.0 0.0 0.0 0.0 0.0 0.0 0.0 0.0 0.0 0.0
50 4 96.69169616699219 -1.5 0.0 0.0 0.0 3.0 2.0 0.0 0.0 7.161135673522949
50 5 0.0 0.0 0.0 0.0 0.0 0.0 0.0 0.0 0.0 0.0
50 6 0.0 0.0 0.0 0.0 0.0 0.0 0.0 0.0 0.0 0.0
50 7 0.0 0.0 0.0 0.0 0.0 0.0 0.0 0.0 0.0 0.0
50 8 0.0 0.0 0.0 0.0 0.0 0.0 0.0 0.0 0.0 0.0
50 9 0.0 0.0 0.0 0.0 0.0 0.0 0.0 0.0 0.0 0.0
50 10 0.0 0.0 0.0 0.0 0.0 0.0 0.0 0.0 0.0 0.0
50 11 0.0 0.0 0.0 0.0 0.0 0.0 0.0 0.0 0.0 0.0
50 12 0.0 0.0 0.0 0.0 0.0 0.0 0.0 0.0 0.0 0.0
51 0 0.0 0.0 0.0 0.0 0.0 0.0 0.0 0.0 0.0 0.0
51 1 223.23989868164062 -4.5 0.0 0.0 0.0 3.0 2.0 0.0 0.0 23.288257598876953
51 2 0.0 0.0 0.0 0.0 0.0 0.0 0.0 0.0 0.0 0.0
51 3 0.0 0.0 0.0 0.0 0.0 0.0 0.0 0.0 0.0 0.0
51 4 99.1176986694336 -1.5 0.0 0.0 0.0 3.0 2.0 0.0 0.0 7.038769721984863
51 5 0.0 0.0 0.0 0.0 0.0 0.0 0.0 0.0 0.0 0.0
51 6 0.0 0.0 0.0 0.0 0.0 0.0 0.0 0.0 0.0 0.0
51 7 0.0 0.0 0.0 0.0 0.0 0.0 0.0 0.0 0.0 0.0
51 8 0.0 0.0 0.0 0.0 0.0 0.0 0.0 0.0 0.0 0.0
51 9 0.0 0.0 0.0 0.0 0.0 0.0 0.0 0.0 0.0 0.0
51 10 0.0 0.0 0.0 0.0 0.0 0.0 0.0 0.0 0.0 0.0
51 11 0.0 0.0 0.0 0.0 0.0 0.0 0.0 0.0 0.0 0.0
51 12 0.0 0.0 0.0 0.0 0.0 0.0 0.0 0.0 0.0 0.0
52 0 0.0 0.0 0.0 0.0 0.0 0.0 0.0 0.0 0.0 0.0
52 1 226.62188720703125 -4.5 0.0 0.0 0.0 3.0 2.0 0.0 0.0 26.66411590576172
52 2 0.0 0.0 0.0 0.0 0.0 0.0 0.0 0.0 0.0 0.0
52 3 0.0 0.0 0.0 0.0 0.0 0.0 0.0 0.0 0.0 0.0
52 4 101.54169464111328 -1.5 0.0 0.0 0.0 3.0 2.0 0.0 0.0 6.916802406311035
52 5 0.0 0.0 0.0 0.0 0.0 0.0 0.0 0.0 0.0 0.0
52 6 0.0 0.0 0.0 0.0 0.0 0.0 0.0 0.0 0.0 0.0
52 7 0.0 0.0 0.0 0.0 0.0 0.0 0.0 0.0 0.0 0.0
52 8 0.0 0.0 0.0 0.0 0.0 0.0 0.0 0.0 0.0 0.0
52 9 0.0 0.0 0.0 0.0 0.0 0.0 0.0 0.0 0.0 0.0
52 10 0.0 0.0 0.0 0.0 0.0 0.0 0.0 0.0 0.0 0.0
52 11 0.0 0.0 0.0 0.0 0.0 0.0 0.0 0.0 0.0 0.0
52 12 0.0 0.0 0.0 0.0 0.0 0.0 0.0 0.0 0.0 0.0
53 0 0.0 0.0 0.0 0.0 0.0 0.0 0.0 0.0 0.0 0.0
53 1 230.00389099121094 -4.5 0.0 0.0 0.0 3.0 2.0 0.0 0.0 30.04136085510254
53 2 0.0 0.0 0.0 0.0 0.0 0.0 0.0 0.0 0.0 0.0
53 3 0.0 0.0 0.0 0.0 0.0 0.0 0.0 0.0 0.0 0.0
53 4 103.96369934082031 -1.5 0.0 0.0 0.0 3.0 2.0 0.0 0.0 6.800281524658203
53 5 0.0 0.0 0.0 0.0 0.0 0.0 0.0 0.0 0.0 0.0
53 6 0.0 0.0 0.0 0.0 0.0 0.0 0.0 0.0 0.0 0.0
53 7 0.0 0.0 0.0 0.0 0.0 0.0 0.0 0.0 0.0 0.0
53 8 0.0 0.0 0.0 0.0 0.0 0.0 0.0 0.0 0.0 0.0
53 9 0.0 0.0 0.0 0.0 0.0 0.0 0.0 0.0 0.0 0.0
53 10 0.0 0.0 0.0 0.0 0.0 0.0 0.0 0.0 0.0 0.0
53 11 0.0 0.0 0.0 0.0 0.0 0.0 0.0 0.0 0.0 0.0
53 12 0.0 0.0 0.0 0.0 0.0 0.0 0.0 0.0 0.0 0.0
54 0 0.0 0.0 0.0 0.0 0.0 0.0 0.0 0.0 0.0 0.0
54 1 233.38589477539062 -4.5 0.0 0.0 0.0 3.0 2.0 0.0 0.0 33.419578552246094
54 2 0.0 0.0 0.0 0.0 0.0 0.0 0.0 0.0 0.0 0.0
54 3 0.0 0.0 0.0 0.0 0.0 0.0 0.0 0.0 0.0 0.0
54 4 106.3917007446289 -1.5 0.0 0.0 0.0 3.0 2.0 0.0 0.0 6.6855902671813965
54 5 0.0 0.0 0.0 0.0 0.0 0.0 0.0 0.0 0.0 0.0
54 6 0.0 0.0 0.0 0.0 0.0 0.0 0.0 0.0 0.0 0.0
54 7 0.0 0.0 0.0 0.0 0.0 0.0 0.0 0.0 0.0 0.0
54 8 0.0 0.0 0.0 0.0 0.0 0.0 0.0 0.0 0.0 0.0
54 9 0.0 0.0 0.0 0.0 0.0 0.0 0.0 0.0 0.0 0.0
54 10 0.0 0.0 0.0 0.0 0.0 0.0 0.0 0.0 0.0 0.0
54 11 0.0 0.0 0.0 0.0 0.0 0.0 0.0 0.0 0.0 0.0
54 12 0.0 0.0 0.0 0.0 0.0 0.0 0.0 0.0 0.0 0.0
55 0 0.0 0.0 0.0 0.0 0.0 0.0 0.0 0.0 0.0 0.0
55 1 236.7678985595703 -4.5 0.0 0.0 0.0 3.0 2.0 0.0 0.0 36.798484802246094
55 2 0.0 0.0 0.0 0.0 0.0 0.0 0.0 0.0 0.0 0.0
55 3 0.0 0.0 0.0 0.0 0.0 0.0 0.0 0.0 0.0 0.0
55 4 108.82369995117188 -1.5 0.0 0.0 0.0 3.0 2.0 0.0 0.0 6.573367595672607
55 5 0.0 0.0 0.0 0.0 0.0 0.0 0.0 0.0 0.0 0.0
55 6 0.0 0.0 0.0 0.0 0.0 0.0 0.0 0.0 0.0 0.0
55 7 0.0 0.0 0.0 0.0 0.0 0.0 0.0 0.0 0.0 0.0
55 8 0.0 0.0 0.0 0.0 0.0 0.0 0.0 0.0 0.0 0.0
55 9 0.0 0.0 0.0 0.0 0.0 0.0 0.0 0.0 0.0 0.0
55 10 0.0 0.0 0.0 0.0 0.0 0.0 0.0 0.0 0.0 0.0
55 11 0.0 0.0 0.0 0.0 0.0 0.0 0.0 0.0 0.0 0.0
55 12 0.0 0.0 0.0 0.0 0.0 0.0 0.0 0.0 0.0 0.0
56 0 0.0 0.0 0.0 0.0 0.0 0.0 0.0 0.0 0.0 0.0
56 1 240.14988708496094 -4.5 0.0 0.0 0.0 3.0 2.0 0.0 0.0 40.17789840698242
56 2 0.0 0.0 0.0 0.0 0.0 0.0 0.0 0.0 0.0 0.0
56 3 0.0 0.0 0.0 0.0 0.0 0.0 0.0 0.0 0.0 0.0
56 4 111.25969696044922 -1.5 0.0 0.0 0.0 3.0 2.0 0.0 0.0 6.464237213134766
56 5 0.0 0.0 0.0 0.0 0.0 0.0 0.0 0.0 0.0 0.0
56 6 0.0 0.0 0.0 0.0 0.0 0.0 0.0 0.0 0.0 0.0
56 7 0.0 0.0 0.0 0.0 0.0 0.0 0.0 0.0 0.0 0.0
56 8 0.0 0.0 0.0 0.0 0.0 0.0 0.0 0.0 0.0 0.0
56 9 0.0 0.0 0.0 0.0 0.0 0.0 0.0 0.0 0.0 0.0
56 10 0.0 0.0 0.0 0.0 0.0 0.0 0.0 0.0 0.0 0.0
56 11 0.0 0.0 0.0 0.0 0.0 0.0 0.0 0.0 0.0 0.0
56 12 0.0 0.0 0.0 0.0 0.0 0.0 0.0 0.0 0.0 0.0
57 0 0.0 0.0 0.0 0.0 0.0 0.0 0.0 0.0 0.0 0.0
57 1 243.52989196777344 -4.5 0.0 0.0 0.0 3.0 2.0 0.0 0.0 43.55572509765625
57 2 0.0 0.0 0.0 0.0 0.0 0.0 0.0 0.0 0.0 0.0
57 3 0.0 0.0 0.0 0.0 0.0 0.0 0.0 0.0 0.0 0.0
57 4 113.69169616699219 -1.5 0.0 0.0 0.0 3.0 2.0 0.0 0.0 6.35854434967041
57 5 0.0 0.0 0.0 0.0 0.0 0.0 0.0 0.0 0.0 0.0
57 6 0.0 0.0 0.0 0.0 0.0 0.0 0.0 0.0 0.0 0.0
57 7 0.0 0.0 0.0 0.0 0.0 0.0 0.0 0.0 0.0 0.0
57 8 0.0 0.0 0.0 0.0 0.0 0.0 0.0 0.0 0.0 0.0
57 9 0.0 0.0 0.0 0.0 0.0 0.0 0.0 0.0 0.0 0.0
57 10 0.0 0.0 0.0 0.0 0.0 0.0 0.0 0.0 0.0 0.0
57 11 0.0 0.0 0.0 0.0 0.0 0.0 0.0 0.0 0.0 0.0
57 12 0.0 0.0 0.0 0.0 0.0 0.0 0.0 0.0 0.0 0.0
58 0 0.0 0.0 0.0 0.0 0.0 0.0 0.0 0.0 0.0 0.0
58 1 246.90589904785156 -4.5 0.0 0.0 0.0 3.0 2.0 0.0 0.0 46.92987823486328
58 2 0.0 0.0 0.0 0.0 0.0 0.0 0.0 0.0 0.0 0.0
58 3 0.0 0.0 0.0 0.0 0.0 0.0 0.0 0.0 0.0 0.0
58 4 116.12369537353516 -1.5 0.0 0.0 0.0 3.0 2.0 0.0 0.0 6.255133628845215
58 5 0.0 0.0 0.0 0.0 0.0 0.0 0.0 0.0 0.0 0.0
58 6 0.0 0.0 0.0 0.0 0.0 0.0 0.0 0.0 0.0 0.0
58 7 0.0 0.0 0.0 0.0 0.0 0.0 0.0 0.0 0.0 0.0
58 8 0.0 0.0 0.0 0.0 0.0 0.0 0.0 0.0 0.0 0.0
58 9 0.0 0.0 0.0 0.0 0.0 0.0 0.0 0.0 0.0 0.0
58 10 0.0 0.0 0.0 0.0 0.0 0.0 0.0 0.0 0.0 0.0
58 11 0.0 0.0 0.0 0.0 0.0 0.0 0.0 0.0 0.0 0.0
58 12 0.0 0.0 0.0 0.0 0.0 0.0 0.0 0.0 0.0 0.0
59 0 0.0 0.0 0.0 0.0 0.0 0.0 0.0 0.0 0.0 0.0
59 1 0.0 0.0 0.0 0.0 0.0 0.0 0.0 0.0 0.0 0.0
59 2 0.0 0.0 0.0 0.0 0.0 0.0 0.0 0.0 0.0 0.0
59 3 0.0 0.0 0.0 0.0 0.0 0.0 0.0 0.0 0.0 0.0
59 4 118.55569458007812 -1.5 0.0 0.0 0.0 3.0 2.0 0.0 0.0 6.15426778793335
59 5 0.0 0.0 0.0 0.0 0.0 0.0 0.0 0.0 0.0 0.0
59 6 0.0 0.0 0.0 0.0 0.0 0.0 0.0 0.0 0.0 0.0
59 7 0.0 0.0 0.0 0.0 0.0 0.0 0.0 0.0 0.0 0.0
59 8 0.0 0.0 0.0 0.0 0.0 0.0 0.0 0.0 0.0 0.0
59 9 0.0 0.0 0.0 0.0 0.0 0.0 0.0 0.0 0.0 0.0
59 10 0.0 0.0 0.0 0.0 0.0 0.0 0.0 0.0 0.0 0.0
59 11 0.0 0.0 0.0 0.0 0.0 0.0 0.0 0.0 0.0 0.0
59 12 0.0 0.0 0.0 0.0 0.0 0.0 0.0 0.0 0.0 0.0
60 0 0.0 0.0 0.0 0.0 0.0 0.0 0.0 0.0 0.0 0.0
60 1 0.0 0.0 0.0 0.0 0.0 0.0 0.0 0.0 0.0 0.0
60 2 0.0 0.0 0.0 0.0 0.0 0.0 0.0 0.0 0.0 0.0
60 3 0.0 0.0 0.0 0.0 0.0 0.0 0.0 0.0 0.0 0.0
60 4 120.9876937866211 -1.5 0.0 0.0 0.0 3.0 2.0 0.0 0.0 6.058695316314697
60 5 0.0 0.0 0.0 0.0 0.0 0.0 0.0 0.0 0.0 0.0
60 6 0.0 0.0 0.0 0.0 0.0 0.0 0.0 0.0 0.0 0.0
60 7 0.0 0.0 0.0 0.0 0.0 0.0 0.0 0.0 0.0 0.0
60 8 0.0 0.0 0.0 0.0 0.0 0.0 0.0 0.0 0.0 0.0
60 9 0.0 0.0 0.0 0.0 0.0 0.0 0.0 0.0 0.0 0.0
60 10 0.0 0.0 0.0 0.0 0.0 0.0 0.0 0.0 0.0 0.0
60 11 0.0 0.0 0.0 0.0 0.0 0.0 0.0 0.0 0.0 0.0
60 12 0.0 0.0 0.0 0.0 0.0 0.0 0.0 0.0 0.0 0.0
61 0 0.0 0.0 0.0 0.0 0.0 0.0 0.0 0.0 0.0 0.0
61 1 0.0 0.0 0.0 0.0 0.0 0.0 0.0 0.0 0.0 0.0
61 2 0.0 0.0 0.0 0.0 0.0 0.0 0.0 0.0 0.0 0.0
61 3 0.0 0.0 0.0 0.0 0.0 0.0 0.0 0.0 0.0 0.0
61 4 123.41569519042969 -1.5 0.0 0.0 0.0 3.0 2.0 0.0 0.0 5.963317394256592
61 5 0.0 0.0 0.0 0.0 0.0 0.0 0.0 0.0 0.0 0.0
61 6 0.0 0.0 0.0 0.0 0.0 0.0 0.0 0.0 0.0 0.0
61 7 0.0 0.0 0.0 0.0 0.0 0.0 0.0 0.0 0.0 0.0
61 8 0.0 0.0 0.0 0.0 0.0 0.0 0.0 0.0 0.0 0.0
61 9 0.0 0.0 0.0 0.0 0.0 0.0 0.0 0.0 0.0 0.0
61 10 0.0 0.0 0.0 0.0 0.0 0.0 0.0 0.0 0.0 0.0
61 11 0.0 0.0 0.0 0.0 0.0 0.0 0.0 0.0 0.0 0.0
61 12 0.0 0.0 0.0 0.0 0.0 0.0 0.0 0.0 0.0 0.0
62 0 0.0 0.0 0.0 0.0 0.0 0.0 0.0 0.0 0.0 0.0
62 1 0.0 0.0 0.0 0.0 0.0 0.0 0.0 0.0 0.0 0.0
62 2 0.0 0.0 0.0 0.0 0.0 0.0 0.0 0.0 0.0 0.0
62 3 0.0 0.0 0.0 0.0 0.0 0.0 0.0 0.0 0.0 0.0
62 4 125.85369873046875 -1.5 0.0 0.0 0.0 3.0 2.0 0.0 0.0 5.8712921142578125
62 5 0.0 0.0 0.0 0.0 0.0 0.0 0.0 0.0 0.0 0.0
62 6 0.0 0.0 0.0 0.0 0.0 0.0 0.0 0.0 0.0 0.0
62 7 0.0 0.0 0.0 0.0 0.0 0.0 0.0 0.0 0.0 0.0
62 8 0.0 0.0 0.0 0.0 0.0 0.0 0.0 0.0 0.0 0.0
62 9 0.0 0.0 0.0 0.0 0.0 0.0 0.0 0.0 0.0 0.0
62 10 0.0 0.0 0.0 0.0 0.0 0.0 0.0 0.0 0.0 0.0
62 11 0.0 0.0 0.0 0.0 0.0 0.0 0.0 0.0 0.0 0.0
62 12 0.0 0.0 0.0 0.0 0.0 0.0 0.0 0.0 0.0 0.0
63 0 0.0 0.0 0.0 0.0 0.0 0.0 0.0 0.0 0.0 0.0
63 1 0.0 0.0 0.0 0.0 0.0 0.0 0.0 0.0 0.0 0.0
63 2 0.0 0.0 0.0 0.0 0.0 0.0 0.0 0.0 0.0 0.0
63 3 0.0 0.0 0.0 0.0 0.0 0.0 0.0 0.0 0.0 0.0
63 4 128.28770446777344 -1.5 0.0 0.0 0.0 3.0 2.0 0.0 0.0 5.784964084625244
63 5 0.0 0.0 0.0 0.0 0.0 0.0 0.0 0.0 0.0 0.0
63 6 0.0 0.0 0.0 0.0 0.0 0.0 0.0 0.0 0.0 0.0
63 7 0.0 0.0 0.0 0.0 0.0 0.0 0.0 0.0 0.0 0.0
63 8 0.0 0.0 0.0 0.0 0.0 0.0 0.0 0.0 0.0 0.0
63 9 0.0 0.0 0.0 0.0 0.0 0.0 0.0 0.0 0.0 0.0
63 10 0.0 0.0 0.0 0.0 0.0 0.0 0.0 0.0 0.0 0.0
63 11 0.0 0.0 0.0 0.0 0.0 0.0 0.0 0.0 0.0 0.0
63 12 0.0 0.0 0.0 0.0 0.0 0.0 0.0 0.0 0.0 0.0
64 0 0.0 0.0 0.0 0.0 0.0 0.0 0.0 0.0 0.0 0.0
64 1 0.0 0.0 0.0 0.0 0.0 0.0 0.0 0.0 0.0 0.0
64 2 0.0 0.0 0.0 0.0 0.0 0.0 0.0 0.0 0.0 0.0
64 3 0.0 0.0 0.0 0.0 0.0 0.0 0.0 0.0 0.0 0.0
64 4 130.72769165039062 -1.5 0.0 0.0 0.0 3.0 2.0 0.0 0.0 5.696893215179443
64 5 0.0 0.0 0.0 0.0 0.0 0.0 0.0 0.0 0.0 0.0
64 6 0.0 0.0 0.0 0.0 0.0 0.0 0.0 0.0 0.0 0.0
64 7 0.0 0.0 0.0 0.0 0.0 0.0 0.0 0.0 0.0 0.0
64 8 0.0 0.0 0.0 0.0 0.0 0.0 0.0 0.0 0.0 0.0
64 9 0.0 0.0 0.0 0.0 0.0 0.0 0.0 0.0 0.0 0.0
64 10 0.0 0.0 0.0 0.0 0.0 0.0 0.0 0.0 0.0 0.0
64 11 0.0 0.0 0.0 0.0 0.0 0.0 0.0 0.0 0.0 0.0
64 12 0.0 0.0 0.0 0.0 0.0 0.0 0.0 0.0 0.0 0.0
65 0 0.0 0.0 0.0 0.0 0.0 0.0 0.0 0.0 0.0 0.0
65 1 0.0 0.0 0.0 0.0 0.0 0.0 0.0 0.0 0.0 0.0
65 2 0.0 0.0 0.0 0.0 0.0 0.0 0.0 0.0 0.0 0.0
65 3 0.0 0.0 0.0 0.0 0.0 0.0 0.0 0.0 0.0 0.0
65 4 133.1656951904297 -1.5 0.0 0.0 0.0 3.0 2.0 0.0 0.0 5.614819526672363
65 5 0.0 0.0 0.0 0.0 0.0 0.0 0.0 0.0 0.0 0.0
65 6 0.0 0.0 0.0 0.0 0.0 0.0 0.0 0.0 0.0 0.0
65 7 0.0 0.0 0.0 0.0 0.0 0.0 0.0 0.0 0.0 0.0
65 8 0.0 0.0 0.0 0.0 0.0 0.0 0.0 0.0 0.0 0.0
65 9 0.0 0.0 0.0 0.0 0.0 0.0 0.0 0.0 0.0 0.0
65 10 0.0 0.0 0.0 0.0 0.0 0.0 0.0 0.0 0.0 0.0
65 11 0.0 0.0 0.0 0.0 0.0 0.0 0.0 0.0 0.0 0.0
65 12 0.0 0.0 0.0 0.0 0.0 0.0 0.0 0.0 0.0 0.0
66 0 0.0 0.0 0.0 0.0 0.0 0.0 0.0 0.0 0.0 0.0
66 1 0.0 0.0 0.0 0.0 0.0 0.0 0.0 0.0 0.0 0.0
66 2 0.0 0.0 0.0 0.0 0.0 0.0 0.0 0.0 0.0 0.0
66 3 0.0 0.0 0.0 0.0 0.0 0.0 0.0 0.0 0.0 0.0
66 4 135.6096954345703 -1.5 0.0 0.0 0.0 3.0 2.0 0.0 0.0 5.537441253662109
66 5 0.0 0.0 0.0 0.0 0.0 0.0 0.0 0.0 0.0 0.0
66 6 0.0 0.0 0.0 0.0 0.0 0.0 0.0 0.0 0.0 0.0
66 7 0.0 0.0 0.0 0.0 0.0 0.0 0.0 0.0 0.0 0.0
66 8 0.0 0.0 0.0 0.0 0.0 0.0 0.0 0.0 0.0 0.0
66 9 0.0 0.0 0.0 0.0 0.0 0.0 0.0 0.0 0.0 0.0
66 10 0.0 0.0 0.0 0.0 0.0 0.0 0.0 0.0 0.0 0.0
66 11 0.0 0.0 0.0 0.0 0.0 0.0 0.0 0.0 0.0 0.0
66 12 0.0 0.0 0.0 0.0 0.0 0.0 0.0 0.0 0.0 0.0
67 0 0.0 0.0 0.0 0.0 0.0 0.0 0.0 0.0 0.0 0.0
67 1 0.0 0.0 0.0 0.0 0.0 0.0 0.0 0.0 0.0 0.0
67 2 0.0 0.0 0.0 0.0 0.0 0.0 0.0 0.0 0.0 0.0
67 3 0.0 0.0 0.0 0.0 0.0 0.0 0.0 0.0 0.0 0.0
67 4 138.0596923828125 -1.5 0.0 0.0 0.0 3.0 2.0 0.0 0.0 5.457258224487305
67 5 0.0 0.0 0.0 0.0 0.0 0.0 0.0 0.0 0.0 0.0
67 6 0.0 0.0 0.0 0.0 0.0 0.0 0.0 0.0 0.0 0.0
67 7 0.0 0.0 0.0 0.0 0.0 0.0 0.0 0.0 0.0 0.0
67 8 0.0 0.0 0.0 0.0 0.0 0.0 0.0 0.0 0.0 0.0
67 9 0.0 0.0 0.0 0.0 0.0 0.0 0.0 0.0 0.0 0.0
67 10 0.0 0.0 0.0 0.0 0.0 0.0 0.0 0.0 0.0 0.0
67 11 0.0 0.0 0.0 0.0 0.0 0.0 0.0 0.0 0.0 0.0
67 12 0.0 0.0 0.0 0.0 0.0 0.0 0.0 0.0 0.0 0.0
68 0 0.0 0.0 0.0 0.0 0.0 0.0 0.0 0.0 0.0 0.0
68 1 0.0 0.0 0.0 0.0 0.0 0.0 0.0 0.0 0.0 0.0
68 2 0.0 0.0 0.0 0.0 0.0 0.0 0.0 0.0 0.0 0.0
68 3 0.0 0.0 0.0 0.0 0.0 0.0 0.0 0.0 0.0 0.0
68 4 140.51170349121094 -1.5 0.0 0.0 0.0 3.0 2.0 0.0 0.0 5.384059906005859
68 5 0.0 0.0 0.0 0.0 0.0 0.0 0.0 0.0 0.0 0.0
68 6 0.0 0.0 0.0 0.0 0.0 0.0 0.0 0.0 0.0 0.0
68 7 0.0 0.0 0.0 0.0 0.0 0.0 0.0 0.0 0.0 0.0
68 8 0.0 0.0 0.0 0.0 0.0 0.0 0.0 0.0 0.0 0.0
68 9 0.0 0.0 0.0 0.0 0.0 0.0 0.0 0.0 0.0 0.0
68 10 0.0 0.0 0.0 0.0 0.0 0.0 0.0 0.0 0.0 0.0
68 11 0.0 0.0 0.0 0.0 0.0 0.0 0.0 0.0 0.0 0.0
68 12 0.0 0.0 0.0 0.0 0.0 0.0 0.0 0.0 0.0 0.0
69 0 0.0 0.0 0.0 0.0 0.0 0.0 0.0 0.0 0.0 0.0
69 1 0.0 0.0 0.0 0.0 0.0 0.0 0.0 0.0 0.0 0.0
69 2 0.0 0.0 0.0 0.0 0.0 0.0 0.0 0.0 0.0 0.0
69 3 0.0 0.0 0.0 0.0 0.0 0.0 0.0 0.0 0.0 0.0
69 4 142.9636993408203 -1.5 0.0 0.0 0.0 3.0 2.0 0.0 0.0 5.311532020568848
69 5 0.0 0.0 0.0 0.0 0.0 0.0 0.0 0.0 0.0 0.0
69 6 0.0 0.0 0.0 0.0 0.0 0.0 0.0 0.0 0.0 0.0
69 7 0.0 0.0 0.0 0.0 0.0 0.0 0.0 0.0 0.0 0.0
69 8 0.0 0.0 0.0 0.0 0.0 0.0 0.0 0.0 0.0 0.0
69 9 0.0 0.0 0.0 0.0 0.0 0.0 0.0 0.0 0.0 0.0
69 10 0.0 0.0 0.0 0.0 0.0 0.0 0.0 0.0 0.0 0.0
69 11 0.0 0.0 0.0 0.0 0.0 0.0 0.0 0.0 0.0 0.0
69 12 0.0 0.0 0.0 0.0 0.0 0.0 0.0 0.0 0.0 0.0
70 0 0.0 0.0 0.0 0.0 0.0 0.0 0.0 0.0 0.0 0.0
70 1 0.0 0.0 0.0 0.0 0.0 0.0 0.0 0.0 0.0 0.0
70 2 0.0 0.0 0.0 0.0 0.0 0.0 0.0 0.0 0.0 0.0
70 3 0.0 0.0 0.0 0.0 0.0 0.0 0.0 0.0 0.0 0.0
70 4 145.42169189453125 -1.5 0.0 0.0 0.0 3.0 2.0 0.0 0.0 5.243820667266846
70 5 0.0 0.0 0.0 0.0 0.0 0.0 0.0 0.0 0.0 0.0
70 6 0.0 0.0 0.0 0.0 0.0 0.0 0.0 0.0 0.0 0.0
70 7 0.0 0.0 0.0 0.0 0.0 0.0 0.0 0.0 0.0 0.0
70 8 0.0 0.0 0.0 0.0 0.0 0.0 0.0 0.0 0.0 0.0
70 9 0.0 0.0 0.0 0.0 0.0 0.0 0.0 0.0 0.0 0.0
70 10 0.0 0.0 0.0 0.0 0.0 0.0 0.0 0.0 0.0 0.0
70 11 0.0 0.0 0.0 0.0 0.0 0.0 0.0 0.0 0.0 0.0
70 12 0.0 0.0 0.0 0.0 0.0 0.0 0.0 0.0 0.0 0.0
71 0 0.0 0.0 0.0 0.0 0.0 0.0 0.0 0.0 0.0 0.0
71 1 0.0 0.0 0.0 0.0 0.0 0.0 0.0 0.0 0.0 0.0
71 2 0.0 0.0 0.0 0.0 0.0 0.0 0.0 0.0 0.0 0.0
71 3 0.0 0.0 0.0 0.0 0.0 0.0 0.0 0.0 0.0 0.0
71 4 147.88369750976562 -1.5 0.0 0.0 0.0 3.0 2.0 0.0 0.0 5.180794715881348
71 5 0.0 0.0 0.0 0.0 0.0 0.0 0.0 0.0 0.0 0.0
71 6 0.0 0.0 0.0 0.0 0.0 0.0 0.0 0.0 0.0 0.0
71 7 0.0 0.0 0.0 0.0 0.0 0.0 0.0 0.0 0.0 0.0
71 8 0.0 0.0 0.0 0.0 0.0 0.0 0.0 0.0 0.0 0.0
71 9 0.0 0.0 0.0 0.0 0.0 0.0 0.0 0.0 0.0 0.0
71 10 0.0 0.0 0.0 0.0 0.0 0.0 0.0 0.0 0.0 0.0
71 11 0.0 0.0 0.0 0.0 0.0 0.0 0.0 0.0 0.0 0.0
71 12 0.0 0.0 0.0 0.0 0.0 0.0 0.0 0.0 0.0 0.0
72 0 0.0 0.0 0.0 0.0 0.0 0.0 0.0 0.0 0.0 0.0
72 1 0.0 0.0 0.0 0.0 0.0 0.0 0.0 0.0 0.0 0.0
72 2 0.0 0.0 0.0 0.0 0.0 0.0 0.0 0.0 0.0 0.0
72 3 0.0 0.0 0.0 0.0 0.0 0.0 0.0 0.0 0.0 0.0
72 4 150.3477020263672 -1.5 0.0 0.0 0.0 3.0 2.0 0.0 0.0 5.115345001220703
72 5 0.0 0.0 0.0 0.0 0.0 0.0 0.0 0.0 0.0 0.0
72 6 0.0 0.0 0.0 0.0 0.0 0.0 0.0 0.0 0.0 0.0
72 7 0.0 0.0 0.0 0.0 0.0 0.0 0.0 0.0 0.0 0.0
72 8 0.0 0.0 0.0 0.0 0.0 0.0 0.0 0.0 0.0 0.0
72 9 0.0 0.0 0.0 0.0 0.0 0.0 0.0 0.0 0.0 0.0
72 10 0.0 0.0 0.0 0.0 0.0 0.0 0.0 0.0 0.0 0.0
72 11 0.0 0.0 0.0 0.0 0.0 0.0 0.0 0.0 0.0 0.0
72 12 0.0 0.0 0.0 0.0 0.0 0.0 0.0 0.0 0.0 0.0
73 0 0.0 0.0 0.0 0.0 0.0 0.0 0.0 0.0 0.0 0.0
73 1 0.0 0.0 0.0 0.0 0.0 0.0 0.0 0.0 0.0 0.0
73 2 0.0 0.0 0.0 0.0 0.0 0.0 0.0 0.0 0.0 0.0
73 3 0.0 0.0 0.0 0.0 0.0 0.0 0.0 0.0 0.0 0.0
73 4 152.8116912841797 -1.5 0.0 0.0 0.0 3.0 2.0 0.0 0.0 5.057222366333008
73 5 0.0 0.0 0.0 0.0 0.0 0.0 0.0 0.0 0.0 0.0
73 6 0.0 0.0 0.0 0.0 0.0 0.0 0.0 0.0 0.0 0.0
73 7 0.0 0.0 0.0 0.0 0.0 0.0 0.0 0.0 0.0 0.0
73 8 0.0 0.0 0.0 0.0 0.0 0.0 0.0 0.0 0.0 0.0
73 9 0.0 0.0 0.0 0.0 0.0 0.0 0.0 0.0 0.0 0.0
73 10 0.0 0.0 0.0 0.0 0.0 0.0 0.0 0.0 0.0 0.0
73 11 0.0 0.0 0.0 0.0 0.0 0.0 0.0 0.0 0.0 0.0
73 12 0.0 0.0 0.0 0.0 0.0 0.0 0.0 0.0 0.0 0.0
74 0 0.0 0.0 0.0 0.0 0.0 0.0 0.0 0.0 0.0 0.0
74 1 0.0 0.0 0.0 0.0 0.0 0.0 0.0 0.0 0.0 0.0
74 2 0.0 0.0 0.0 0.0 0.0 0.0 0.0 0.0 0.0 0.0
74 3 0.0 0.0 0.0 0.0 0.0 0.0 0.0 0.0 0.0 0.0
74 4 155.27569580078125 -1.5 0.0 0.0 0.0 3.0 2.0 0.0 0.0 4.999146461486816
74 5 0.0 0.0 0.0 0.0 0.0 0.0 0.0 0.0 0.0 0.0
74 6 0.0 0.0 0.0 0.0 0.0 0.0 0.0 0.0 0.0 0.0
74 7 0.0 0.0 0.0 0.0 0.0 0.0 0.0 0.0 0.0 0.0
74 8 0.0 0.0 0.0 0.0 0.0 0.0 0.0 0.0 0.0 0.0
74 9 0.0 0.0 0.0 0.0 0.0 0.0 0.0 0.0 0.0 0.0
74 10 0.0 0.0 0.0 0.0 0.0 0.0 0.0 0.0 0.0 0.0
74 11 0.0 0.0 0.0 0.0 0.0 0.0 0.0 0.0 0.0 0.0
74 12 0.0 0.0 0.0 0.0 0.0 0.0 0.0 0.0 0.0 0.0
75 0 0.0 0.0 0.0 0.0 0.0 0.0 0.0 0.0 0.0 0.0
75 1 0.0 0.0 0.0 0.0 0.0 0.0 0.0 0.0 0.0 0.0
75 2 0.0 0.0 0.0 0.0 0.0 0.0 0.0 0.0 0.0 0.0
75 3 0.0 0.0 0.0 0.0 0.0 0.0 0.0 0.0 0.0 0.0
75 4 157.7436981201172 -1.5 0.0 0.0 0.0 3.0 2.0 0.0 0.0 4.946320056915283
75 5 0.0 0.0 0.0 0.0 0.0 0.0 0.0 0.0 0.0 0.0
75 6 0.0 0.0 0.0 0.0 0.0 0.0 0.0 0.0 0.0 0.0
75 7 0.0 0.0 0.0 0.0 0.0 0.0 0.0 0.0 0.0 0.0
75 8 0.0 0.0 0.0 0.0 0.0 0.0 0.0 0.0 0.0 0.0
75 9 0.0 0.0 0.0 0.0 0.0 0.0 0.0 0.0 0.0 0.0
75 10 0.0 0.0 0.0 0.0 0.0 0.0 0.0 0.0 0.0 0.0
75 11 0.0 0.0 0.0 0.0 0.0 0.0 0.0 0.0 0.0 0.0
75 12 0.0 0.0 0.0 0.0 0.0 0.0 0.0 0.0 0.0 0.0
76 0 0.0 0.0 0.0 0.0 0.0 0.0 0.0 0.0 0.0 0.0
76 1 0.0 0.0 0.0 0.0 0.0 0.0 0.0 0.0 0.0 0.0
76 2 0.0 0.0 0.0 0.0 0.0 0.0 0.0 0.0 0.0 0.0
76 3 0.0 0.0 0.0 0.0 0.0 0.0 0.0 0.0 0.0 0.0
76 4 160.2136993408203 -1.5 0.0 0.0 0.0 3.0 2.0 0.0 0.0 4.90037202835083
76 5 0.0 0.0 0.0 0.0 0.0 0.0 0.0 0.0 0.0 0.0
76 6 0.0 0.0 0.0 0.0 0.0 0.0 0.0 0.0 0.0 0.0
76 7 0.0 0.0 0.0 0.0 0.0 0.0 0.0 0.0 0.0 0.0
76 8 0.0 0.0 0.0 0.0 0.0 0.0 0.0 0.0 0.0 0.0
76 9 0.0 0.0 0.0 0.0 0.0 0.0 0.0 0.0 0.0 0.0
76 10 0.0 0.0 0.0 0.0 0.0 0.0 0.0 0.0 0.0 0.0
76 11 0.0 0.0 0.0 0.0 0.0 0.0 0.0 0.0 0.0 0.0
76 12 0.0 0.0 0.0 0.0 0.0 0.0 0.0 0.0 0.0 0.0
77 0 0.0 0.0 0.0 0.0 0.0 0.0 0.0 0.0 0.0 0.0
77 1 0.0 0.0 0.0 0.0 0.0 0.0 0.0 0.0 0.0 0.0
77 2 0.0 0.0 0.0 0.0 0.0 0.0 0.0 0.0 0.0 0.0
77 3 0.0 0.0 0.0 0.0 0.0 0.0 0.0 0.0 0.0 0.0
77 4 162.6876983642578 -1.5 0.0 0.0 0.0 3.0 2.0 0.0 0.0 4.8476786613464355
77 5 0.0 0.0 0.0 0.0 0.0 0.0 0.0 0.0 0.0 0.0
77 6 0.0 0.0 0.0 0.0 0.0 0.0 0.0 0.0 0.0 0.0
77 7 0.0 0.0 0.0 0.0 0.0 0.0 0.0 0.0 0.0 0.0
77 8 0.0 0.0 0.0 0.0 0.0 0.0 0.0 0.0 0.0 0.0
77 9 0.0 0.0 0.0 0.0 0.0 0.0 0.0 0.0 0.0 0.0
77 10 0.0 0.0 0.0 0.0 0.0 0.0 0.0 0.0 0.0 0.0
77 11 0.0 0.0 0.0 0.0 0.0 0.0 0.0 0.0 0.0 0.0
77 12 0.0 0.0 0.0 0.0 0.0 0.0 0.0 0.0 0.0 0.0
78 0 0.0 0.0 0.0 0.0 0.0 0.0 0.0 0.0 0.0 0.0
78 1 0.0 0.0 0.0 0.0 0.0 0.0 0.0 0.0 0.0 0.0
78 2 0.0 0.0 0.0 0.0 0.0 0.0 0.0 0.0 0.0 0.0
78 3 0.0 0.0 0.0 0.0 0.0 0.0 0.0 0.0 0.0 0.0
78 4 165.15969848632812 -1.5 0.0 0.0 0.0 3.0 2.0 0.0 0.0 4.806524753570557
78 5 0.0 0.0 0.0 0.0 0.0 0.0 0.0 0.0 0.0 0.0
78 6 0.0 0.0 0.0 0.0 0.0 0.0 0.0 0.0 0.0 0.0
78 7 0.0 0.0 0.0 0.0 0.0 0.0 0.0 0.0 0.0 0.0
78 8 0.0 0.0 0.0 0.0 0.0 0.0 0.0 0.0 0.0 0.0
78 9 0.0 0.0 0.0 0.0 0.0 0.0 0.0 0.0 0.0 0.0
78 10 0.0 0.0 0.0 0.0 0.0 0.0 0.0 0.0 0.0 0.0
78 11 0.0 0.0 0.0 0.0 0.0 0.0 0.0 0.0 0.0 0.0
78 12 0.0 0.0 0.0 0.0 0.0 0.0 0.0 0.0 0.0 0.0
79 0 0.0 0.0 0.0 0.0 0.0 0.0 0.0 0.0 0.0 0.0
79 1 0.0 0.0 0.0 0.0 0.0 0.0 0.0 0.0 0.0 0.0
79 2 0.0 0.0 0.0 0.0 0.0 0.0 0.0 0.0 0.0 0.0
79 3 0.0 0.0 0.0 0.0 0.0 0.0 0.0 0.0 0.0 0.0
79 4 167.62770080566406 -1.5 0.0 0.0 0.0 3.0 2.0 0.0 0.0 4.761716365814209
79 5 0.0 0.0 0.0 0.0 0.0 0.0 0.0 0.0 0.0 0.0
79 6 0.0 0.0 0.0 0.0 0.0 0.0 0.0 0.0 0.0 0.0
79 7 0.0 0.0 0.0 0.0 0.0 0.0 0.0 0.0 0.0 0.0
79 8 0.0 0.0 0.0 0.0 0.0 0.0 0.0 0.0 0.0 0.0
79 9 0.0 0.0 0.0 0.0 0.0 0.0 0.0 0.0 0.0 0.0
79 10 0.0 0.0 0.0 0.0 0.0 0.0 0.0 0.0 0.0 0.0
79 11 0.0 0.0 0.0 0.0 0.0 0.0 0.0 0.0 0.0 0.0
79 12 0.0 0.0 0.0 0.0 0.0 0.0 0.0 0.0 0.0 0.0
80 0 0.0 0.0 0.0 0.0 0.0 0.0 0.0 0.0 0.0 0.0
80 1 0.0 0.0 0.0 0.0 0.0 0.0 0.0 0.0 0.0 0.0
80 2 0.0 0.0 0.0 0.0 0.0 0.0 0.0 0.0 0.0 0.0
80 3 0.0 0.0 0.0 0.0 0.0 0.0 0.0 0.0 0.0 0.0
80 4 170.0937042236328 -1.5 0.0 0.0 0.0 3.0 2.0 0.0 0.0 4.724965572357178
80 5 0.0 0.0 0.0 0.0 0.0 0.0 0.0 0.0 0.0 0.0
80 6 0.0 0.0 0.0 0.0 0.0 0.0 0.0 0.0 0.0 0.0
80 7 0.0 0.0 0.0 0.0 0.0 0.0 0.0 0.0 0.0 0.0
80 8 0.0 0.0 0.0 0.0 0.0 0.0 0.0 0.0 0.0 0.0
80 9 0.0 0.0 0.0 0.0 0.0 0.0 0.0 0.0 0.0 0.0
80 10 0.0 0.0 0.0 0.0 0.0 0.0 0.0 0.0 0.0 0.0
80 11 0.0 0.0 0.0 0.0 0.0 0.0 0.0 0.0 0.0 0.0
80 12 0.0 0.0 0.0 0.0 0.0 0.0 0.0 0.0 0.0 0.0
81 0 0.0 0.0 0.0 0.0 0.0 0.0 0.0 0.0 0.0 0.0
81 1 0.0 0.0 0.0 0.0 0.0 0.0 0.0 0.0 0.0 0.0
81 2 0.0 0.0 0.0 0.0 0.0 0.0 0.0 0.0 0.0 0.0
81 3 0.0 0.0 0.0 0.0 0.0 0.0 0.0 0.0 0.0 0.0
81 4 172.5596923828125 -1.5 0.0 0.0 0.0 3.0 2.0 0.0 0.0 4.68867301940918
81 5 0.0 0.0 0.0 0.0 0.0 0.0 0.0 0.0 0.0 0.0
81 6 0.0 0.0 0.0 0.0 0.0 0.0 0.0 0.0 0.0 0.0
81 7 0.0 0.0 0.0 0.0 0.0 0.0 0.0 0.0 0.0 0.0
81 8 0.0 0.0 0.0 0.0 0.0 0.0 0.0 0.0 0.0 0.0
81 9 0.0 0.0 0.0 0.0 0.0 0.0 0.0 0.0 0.0 0.0
81 10 0.0 0.0 0.0 0.0 0.0 0.0 0.0 0.0 0.0 0.0
81 11 0.0 0.0 0.0 0.0 0.0 0.0 0.0 0.0 0.0 0.0
81 12 0.0 0.0 0.0 0.0 0.0 0.0 0.0 0.0 0.0 0.0
82 0 0.0 0.0 0.0 0.0 0.0 0.0 0.0 0.0 0.0 0.0
82 1 0.0 0.0 0.0 0.0 0.0 0.0 0.0 0.0 0.0 0.0
82 2 0.0 0.0 0.0 0.0 0.0 0.0 0.0 0.0 0.0 0.0
82 3 0.0 0.0 0.0 0.0 0.0 0.0 0.0 0.0 0.0 0.0
82 4 175.0316925048828 -1.5 0.0 0.0 0.0 3.0 2.0 0.0 0.0 4.656022071838379
82 5 0.0 0.0 0.0 0.0 0.0 0.0 0.0 0.0 0.0 0.0
82 6 0.0 0.0 0.0 0.0 0.0 0.0 0.0 0.0 0.0 0.0
82 7 0.0 0.0 0.0 0.0 0.0 0.0 0.0 0.0 0.0 0.0
82 8 0.0 0.0 0.0 0.0 0.0 0.0 0.0 0.0 0.0 0.0
82 9 0.0 0.0 0.0 0.0 0.0 0.0 0.0 0.0 0.0 0.0
82 10 0.0 0.0 0.0 0.0 0.0 0.0 0.0 0.0 0.0 0.0
82 11 0.0 0.0 0.0 0.0 0.0 0.0 0.0 0.0 0.0 0.0
82 12 0.0 0.0 0.0 0.0 0.0 0.0 0.0 0.0 0.0 0.0
83 0 0.0 0.0 0.0 0.0 0.0 0.0 0.0 0.0 0.0 0.0
83 1 0.0 0.0 0.0 0.0 0.0 0.0 0.0 0.0 0.0 0.0
83 2 0.0 0.0 0.0 0.0 0.0 0.0 0.0 0.0 0.0 0.0
83 3 0.0 0.0 0.0 0.0 0.0 0.0 0.0 0.0 0.0 0.0
83 4 177.5076904296875 -1.5 0.0 0.0 0.0 3.0 2.0 0.0 0.0 4.6272292137146
83 5 0.0 0.0 0.0 0.0 0.0 0.0 0.0 0.0 0.0 0.0
83 6 0.0 0.0 0.0 0.0 0.0 0.0 0.0 0.0 0.0 0.0
83 7 0.0 0.0 0.0 0.0 0.0 0.0 0.0 0.0 0.0 0.0
83 8 0.0 0.0 0.0 0.0 0.0 0.0 0.0 0.0 0.0 0.0
83 9 0.0 0.0 0.0 0.0 0.0 0.0 0.0 0.0 0.0 0.0
83 10 0.0 0.0 0.0 0.0 0.0 0.0 0.0 0.0 0.0 0.0
83 11 0.0 0.0 0.0 0.0 0.0 0.0 0.0 0.0 0.0 0.0
83 12 0.0 0.0 0.0 0.0 0.0 0.0 0.0 0.0 0.0 0.0
84 0 0.0 0.0 0.0 0.0 0.0 0.0 0.0 0.0 0.0 0.0
84 1 0.0 0.0 0.0 0.0 0.0 0.0 0.0 0.0 0.0 0.0
84 2 0.0 0.0 0.0 0.0 0.0 0.0 0.0 0.0 0.0 0.0
84 3 0.0 0.0 0.0 0.0 0.0 0.0 0.0 0.0 0.0 0.0
84 4 179.98570251464844 -1.5 0.0 0.0 0.0 3.0 2.0 0.0 0.0 4.600314617156982
84 5 0.0 0.0 0.0 0.0 0.0 0.0 0.0 0.0 0.0 0.0
84 6 0.0 0.0 0.0 0.0 0.0 0.0 0.0 0.0 0.0 0.0
84 7 0.0 0.0 0.0 0.0 0.0 0.0 0.0 0.0 0.0 0.0
84 8 0.0 0.0 0.0 0.0 0.0 0.0 0.0 0.0 0.0 0.0
84 9 0.0 0.0 0.0 0.0 0.0 0.0 0.0 0.0 0.0 0.0
84 10 0.0 0.0 0.0 0.0 0.0 0.0 0.0 0.0 0.0 0.0
84 11 0.0 0.0 0.0 0.0 0.0 0.0 0.0 0.0 0.0 0.0
84 12 0.0 0.0 0.0 0.0 0.0 0.0 0.0 0.0 0.0 0.0
85 0 0.0 0.0 0.0 0.0 0.0 0.0 0.0 0.0 0.0 0.0
85 1 0.0 0.0 0.0 0.0 0.0 0.0 0.0 0.0 0.0 0.0
85 2 0.0 0.0 0.0 0.0 0.0 0.0 0.0 0.0 0.0 0.0
85 3 0.0 0.0 0.0 0.0 0.0 0.0 0.0 0.0 0.0 0.0
85 4 182.46170043945312 -1.5 0.0 0.0 0.0 3.0 2.0 0.0 0.0 4.581541538238525
85 5 0.0 0.0 0.0 0.0 0.0 0.0 0.0 0.0 0.0 0.0
85 6 0.0 0.0 0.0 0.0 0.0 0.0 0.0 0.0 0.0 0.0
85 7 0.0 0.0 0.0 0.0 0.0 0.0 0.0 0.0 0.0 0.0
85 8 0.0 0.0 0.0 0.0 0.0 0.0 0.0 0.0 0.0 0.0
85 9 0.0 0.0 0.0 0.0 0.0 0.0 0.0 0.0 0.0 0.0
85 10 0.0 0.0 0.0 0.0 0.0 0.0 0.0 0.0 0.0 0.0
85 11 0.0 0.0 0.0 0.0 0.0 0.0 0.0 0.0 0.0 0.0
85 12 0.0 0.0 0.0 0.0 0.0 0.0 0.0 0.0 0.0 0.0
86 0 0.0 0.0 0.0 0.0 0.0 0.0 0.0 0.0 0.0 0.0
86 1 0.0 0.0 0.0 0.0 0.0 0.0 0.0 0.0 0.0 0.0
86 2 0.0 0.0 0.0 0.0 0.0 0.0 0.0 0.0 0.0 0.0
86 3 0.0 0.0 0.0 0.0 0.0 0.0 0.0 0.0 0.0 0.0
86 4 184.939697265625 -1.5 0.0 0.0 0.0 3.0 2.0 0.0 0.0 4.557478904724121
86 5 0.0 0.0 0.0 0.0 0.0 0.0 0.0 0.0 0.0 0.0
86 6 0.0 0.0 0.0 0.0 0.0 0.0 0.0 0.0 0.0 0.0
86 7 0.0 0.0 0.0 0.0 0.0 0.0 0.0 0.0 0.0 0.0
86 8 0.0 0.0 0.0 0.0 0.0 0.0 0.0 0.0 0.0 0.0
86 9 0.0 0.0 0.0 0.0 0.0 0.0 0.0 0.0 0.0 0.0
86 10 0.0 0.0 0.0 0.0 0.0 0.0 0.0 0.0 0.0 0.0
86 11 0.0 0.0 0.0 0.0 0.0 0.0 0.0 0.0 0.0 0.0
86 12 0.0 0.0 0.0 0.0 0.0 0.0 0.0 0.0 0.0 0.0
87 0 0.0 0.0 0.0 0.0 0.0 0.0 0.0 0.0 0.0 0.0
87 1 0.0 0.0 0.0 0.0 0.0 0.0 0.0 0.0 0.0 0.0
87 2 0.0 0.0 0.0 0.0 0.0 0.0 0.0 0.0 0.0 0.0
87 3 0.0 0.0 0.0 0.0 0.0 0.0 0.0 0.0 0.0 0.0
87 4 187.41769409179688 -1.5 0.0 0.0 0.0 3.0 2.0 0.0 0.0 4.542205810546875
87 5 0.0 0.0 0.0 0.0 0.0 0.0 0.0 0.0 0.0 0.0
87 6 0.0 0.0 0.0 0.0 0.0 0.0 0.0 0.0 0.0 0.0
87 7 0.0 0.0 0.0 0.0 0.0 0.0 0.0 0.0 0.0 0.0
87 8 0.0 0.0 0.0 0.0 0.0 0.0 0.0 0.0 0.0 0.0
87 9 0.0 0.0 0.0 0.0 0.0 0.0 0.0 0.0 0.0 0.0
87 10 0.0 0.0 0.0 0.0 0.0 0.0 0.0 0.0 0.0 0.0
87 11 0.0 0.0 0.0 0.0 0.0 0.0 0.0 0.0 0.0 0.0
87 12 0.0 0.0 0.0 0.0 0.0 0.0 0.0 0.0 0.0 0.0
88 0 0.0 0.0 0.0 0.0 0.0 0.0 0.0 0.0 0.0 0.0
88 1 0.0 0.0 0.0 0.0 0.0 0.0 0.0 0.0 0.0 0.0
88 2 0.0 0.0 0.0 0.0 0.0 0.0 0.0 0.0 0.0 0.0
88 3 0.0 0.0 0.0 0.0 0.0 0.0 0.0 0.0 0.0 0.0
88 4 189.8997039794922 -1.5 0.0 0.0 0.0 3.0 2.0 0.0 0.0 4.52648401260376
88 5 0.0 0.0 0.0 0.0 0.0 0.0 0.0 0.0 0.0 0.0
88 6 0.0 0.0 0.0 0.0 0.0 0.0 0.0 0.0 0.0 0.0
88 7 0.0 0.0 0.0 0.0 0.0 0.0 0.0 0.0 0.0 0.0
88 8 0.0 0.0 0.0 0.0 0.0 0.0 0.0 0.0 0.0 0.0
88 9 0.0 0.0 0.0 0.0 0.0 0.0 0.0 0.0 0.0 0.0
88 10 0.0 0.0 0.0 0.0 0.0 0.0 0.0 0.0 0.0 0.0
88 11 0.0 0.0 0.0 0.0 0.0 0.0 0.0 0.0 0.0 0.0
88 12 0.0 0.0 0.0 0.0 0.0 0.0 0.0 0.0 0.0 0.0
89 0 0.0 0.0 0.0 0.0 0.0 0.0 0.0 0.0 0.0 0.0
89 1 0.0 0.0 0.0 0.0 0.0 0.0 0.0 0.0 0.0 0.0
89 2 0.0 0.0 0.0 0.0 0.0 0.0 0.0 0.0 0.0 0.0
89 3 0.0 0.0 0.0 0.0 0.0 0.0 0.0 0.0 0.0 0.0
89 4 192.38169860839844 -1.5 0.0 0.0 0.0 3.0 2.0 0.0 0.0 4.516197204589844
89 5 0.0 0.0 0.0 0.0 0.0 0.0 0.0 0.0 0.0 0.0
89 6 0.0 0.0 0.0 0.0 0.0 0.0 0.0 0.0 0.0 0.0
89 7 0.0 0.0 0.0 0.0 0.0 0.0 0.0 0.0 0.0 0.0
89 8 0.0 0.0 0.0 0.0 0.0 0.0 0.0 0.0 0.0 0.0
89 9 0.0 0.0 0.0 0.0 0.0 0.0 0.0 0.0 0.0 0.0
89 10 0.0 0.0 0.0 0.0 0.0 0.0 0.0 0.0 0.0 0.0
89 11 0.0 0.0 0.0 0.0 0.0 0.0 0.0 0.0 0.0 0.0
89 12 0.0 0.0 0.0 0.0 0.0 0.0 0.0 0.0 0.0 0.0
90 0 0.0 0.0 0.0 0.0 0.0 0.0 0.0 0.0 0.0 0.0
90 1 0.0 0.0 0.0 0.0 0.0 0.0 0.0 0.0 0.0 0.0
90 2 0.0 0.0 0.0 0.0 0.0 0.0 0.0 0.0 0.0 0.0
90 3 0.0 0.0 0.0 0.0 0.0 0.0 0.0 0.0 0.0 0.0
90 4 194.86569213867188 -1.5 0.0 0.0 0.0 3.0 2.0 0.0 0.0 4.507366180419922
90 5 0.0 0.0 0.0 0.0 0.0 0.0 0.0 0.0 0.0 0.0
90 6 0.0 0.0 0.0 0.0 0.0 0.0 0.0 0.0 0.0 0.0
90 7 0.0 0.0 0.0 0.0 0.0 0.0 0.0 0.0 0.0 0.0
90 8 0.0 0.0 0.0 0.0 0.0 0.0 0.0 0.0 0.0 0.0
90 9 0.0 0.0 0.0 0.0 0.0 0.0 0.0 0.0 0.0 0.0
90 10 0.0 0.0 0.0 0.0 0.0 0.0 0.0 0.0 0.0 0.0
90 11 0.0 0.0 0.0 0.0 0.0 0.0 0.0 0.0 0.0 0.0
90 12 0.0 0.0 0.0 0.0 0.0 0.0 0.0 0.0 0.0 0.0
91 0 0.0 0.0 0.0 0.0 0.0 0.0 0.0 0.0 0.0 0.0
91 1 0.0 0.0 0.0 0.0 0.0 0.0 0.0 0.0 0.0 0.0
91 2 0.0 0.0 0.0 0.0 0.0 0.0 0.0 0.0 0.0 0.0
91 3 0.0 0.0 0.0 0.0 0.0 0.0 0.0 0.0 0.0 0.0
91 4 197.35369873046875 -1.5 0.0 0.0 0.0 3.0 2.0 0.0 0.0 4.503397464752197
91 5 0.0 0.0 0.0 0.0 0.0 0.0 0.0 0.0 0.0 0.0
91 6 0.0 0.0 0.0 0.0 0.0 0.0 0.0 0.0 0.0 0.0
91 7 0.0 0.0 0.0 0.0 0.0 0.0 0.0 0.0 0.0 0.0
91 8 0.0 0.0 0.0 0.0 0.0 0.0 0.0 0.0 0.0 0.0
91 9 0.0 0.0 0.0 0.0 0.0 0.0 0.0 0.0 0.0 0.0
91 10 0.0 0.0 0.0 0.0 0.0 0.0 0.0 0.0 0.0 0.0
91 11 0.0 0.0 0.0 0.0 0.0 0.0 0.0 0.0 0.0 0.0
91 12 0.0 0.0 0.0 0.0 0.0 0.0 0.0 0.0 0.0 0.0
92 0 0.0 0.0 0.0 0.0 0.0 0.0 0.0 0.0 0.0 0.0
92 1 0.0 0.0 0.0 0.0 0.0 0.0 0.0 0.0 0.0 0.0
92 2 0.0 0.0 0.0 0.0 0.0 0.0 0.0 0.0 0.0 0.0
92 3 0.0 0.0 0.0 0.0 0.0 0.0 0.0 0.0 0.0 0.0
92 4 199.84169006347656 -1.5 0.0 0.0 0.0 3.0 2.0 0.0 0.0 4.50015926361084
92 5 0.0 0.0 0.0 0.0 0.0 0.0 0.0 0.0 0.0 0.0
92 6 0.0 0.0 0.0 0.0 0.0 0.0 0.0 0.0 0.0 0.0
92 7 0.0 0.0 0.0 0.0 0.0 0.0 0.0 0.0 0.0 0.0
92 8 0.0 0.0 0.0 0.0 0.0 0.0 0.0 0.0 0.0 0.0
92 9 0.0 0.0 0.0 0.0 0.0 0.0 0.0 0.0 0.0 0.0
92 10 0.0 0.0 0.0 0.0 0.0 0.0 0.0 0.0 0.0 0.0
92 11 0.0 0.0 0.0 0.0 0.0 0.0 0.0 0.0 0.0 0.0
92 12 0.0 0.0 0.0 0.0 0.0 0.0 0.0 0.0 0.0 0.0
93 0 0.0 0.0 0.0 0.0 0.0 0.0 0.0 0.0 0.0 0.0
93 1 0.0 0.0 0.0 0.0 0.0 0.0 0.0 0.0 0.0 0.0
93 2 0.0 0.0 0.0 0.0 0.0 0.0 0.0 0.0 0.0 0.0
93 3 0.0 0.0 0.0 0.0 0.0 0.0 0.0 0.0 0.0 0.0
93 4 202.335693359375 -1.5 0.0 0.0 0.0 3.0 2.0 0.0 0.0 5.070058822631836
93 5 0.0 0.0 0.0 0.0 0.0 0.0 0.0 0.0 0.0 0.0
93 6 0.0 0.0 0.0 0.0 0.0 0.0 0.0 0.0 0.0 0.0
93 7 0.0 0.0 0.0 0.0 0.0 0.0 0.0 0.0 0.0 0.0
93 8 0.0 0.0 0.0 0.0 0.0 0.0 0.0 0.0 0.0 0.0
93 9 0.0 0.0 0.0 0.0 0.0 0.0 0.0 0.0 0.0 0.0
93 10 0.0 0.0 0.0 0.0 0.0 0.0 0.0 0.0 0.0 0.0
93 11 0.0 0.0 0.0 0.0 0.0 0.0 0.0 0.0 0.0 0.0
93 12 0.0 0.0 0.0 0.0 0.0 0.0 0.0 0.0 0.0 0.0
94 0 0.0 0.0 0.0 0.0 0.0 0.0 0.0 0.0 0.0 0.0
94 1 0.0 0.0 0.0 0.0 0.0 0.0 0.0 0.0 0.0 0.0
94 2 0.0 0.0 0.0 0.0 0.0 0.0 0.0 0.0 0.0 0.0
94 3 0.0 0.0 0.0 0.0 0.0 0.0 0.0 0.0 0.0 0.0
94 4 204.82569885253906 -1.5 0.0 0.0 0.0 3.0 2.0 0.0 0.0 6.598286151885986
94 5 0.0 0.0 0.0 0.0 0.0 0.0 0.0 0.0 0.0 0.0
94 6 0.0 0.0 0.0 0.0 0.0 0.0 0.0 0.0 0.0 0.0
94 7 0.0 0.0 0.0 0.0 0.0 0.0 0.0 0.0 0.0 0.0
94 8 0.0 0.0 0.0 0.0 0.0 0.0 0.0 0.0 0.0 0.0
94 9 0.0 0.0 0.0 0.0 0.0 0.0 0.0 0.0 0.0 0.0
94 10 0.0 0.0 0.0 0.0 0.0 0.0 0.0 0.0 0.0 0.0
94 11 0.0 0.0 0.0 0.0 0.0 0.0 0.0 0.0 0.0 0.0
94 12 0.0 0.0 0.0 0.0 0.0 0.0 0.0 0.0 0.0 0.0
95 0 0.0 0.0 0.0 0.0 0.0 0.0 0.0 0.0 0.0 0.0
95 1 0.0 0.0 0.0 0.0 0.0 0.0 0.0 0.0 0.0 0.0
95 2 0.0 0.0 0.0 0.0 0.0 0.0 0.0 0.0 0.0 0.0
95 3 0.0 0.0 0.0 0.0 0.0 0.0 0.0 0.0 0.0 0.0
95 4 207.3096923828125 -1.5 0.0 0.0 0.0 3.0 2.0 0.0 0.0 8.583805084228516
95 5 0.0 0.0 0.0 0.0 0.0 0.0 0.0 0.0 0.0 0.0
95 6 0.0 0.0 0.0 0.0 0.0 0.0 0.0 0.0 0.0 0.0
95 7 0.0 0.0 0.0 0.0 0.0 0.0 0.0 0.0 0.0 0.0
95 8 0.0 0.0 0.0 0.0 0.0 0.0 0.0 0.0 0.0 0.0
95 9 0.0 0.0 0.0 0.0 0.0 0.0 0.0 0.0 0.0 0.0
95 10 0.0 0.0 0.0 0.0 0.0 0.0 0.0 0.0 0.0 0.0
95 11 0.0 0.0 0.0 0.0 0.0 0.0 0.0 0.0 0.0 0.0
95 12 0.0 0.0 0.0 0.0 0.0 0.0 0.0 0.0 0.0 0.0
96 0 0.0 0.0 0.0 0.0 0.0 0.0 0.0 0.0 0.0 0.0
96 1 0.0 0.0 0.0 0.0 0.0 0.0 0.0 0.0 0.0 0.0
96 2 0.0 0.0 0.0 0.0 0.0 0.0 0.0 0.0 0.0 0.0
96 3 0.0 0.0 0.0 0.0 0.0 0.0 0.0 0.0 0.0 0.0
96 4 209.7856903076172 -1.5 0.0 0.0 0.0 3.0 2.0 0.0 0.0 10.770781517028809
96 5 0.0 0.0 0.0 0.0 0.0 0.0 0.0 0.0 0.0 0.0
96 6 0.0 0.0 0.0 0.0 0.0 0.0 0.0 0.0 0.0 0.0
96 7 0.0 0.0 0.0 0.0 0.0 0.0 0.0 0.0 0.0 0.0
96 8 0.0 0.0 0.0 0.0 0.0 0.0 0.0 0.0 0.0 0.0
96 9 0.0 0.0 0.0 0.0 0.0 0.0 0.0 0.0 0.0 0.0
96 10 0.0 0.0 0.0 0.0 0.0 0.0 0.0 0.0 0.0 0.0
96 11 0.0 0.0 0.0 0.0 0.0 0.0 0.0 0.0 0.0 0.0
96 12 0.0 0.0 0.0 0.0 0.0 0.0 0.0 0.0 0.0 0.0
97 0 0.0 0.0 0.0 0.0 0.0 0.0 0.0 0.0 0.0 0.0
97 1 0.0 0.0 0.0 0.0 0.0 0.0 0.0 0.0 0.0 0.0
97 2 0.0 0.0 0.0 0.0 0.0 0.0 0.0 0.0 0.0 0.0
97 3 0.0 0.0 0.0 0.0 0.0 0.0 0.0 0.0 0.0 0.0
97 4 212.2657012939453 -1.5 0.0 0.0 0.0 3.0 2.0 0.0 0.0 13.0651216506958
97 5 0.0 0.0 0.0 0.0 0.0 0.0 0.0 0.0 0.0 0.0
97 6 0.0 0.0 0.0 0.0 0.0 0.0 0.0 0.0 0.0 0.0
97 7 0.0 0.0 0.0 0.0 0.0 0.0 0.0 0.0 0.0 0.0
97 8 0.0 0.0 0.0 0.0 0.0 0.0 0.0 0.0 0.0 0.0
97 9 0.0 0.0 0.0 0.0 0.0 0.0 0.0 0.0 0.0 0.0
97 10 0.0 0.0 0.0 0.0 0.0 0.0 0.0 0.0 0.0 0.0
97 11 0.0 0.0 0.0 0.0 0.0 0.0 0.0 0.0 0.0 0.0
97 12 0.0 0.0 0.0 0.0 0.0 0.0 0.0 0.0 0.0 0.0
98 0 0.0 0.0 0.0 0.0 0.0 0.0 0.0 0.0 0.0 0.0
98 1 0.0 0.0 0.0 0.0 0.0 0.0 0.0 0.0 0.0 0.0
98 2 0.0 0.0 0.0 0.0 0.0 0.0 0.0 0.0 0.0 0.0
98 3 0.0 0.0 0.0 0.0 0.0 0.0 0.0 0.0 0.0 0.0
98 4 214.75169372558594 -1.5 0.0 0.0 0.0 3.0 2.0 0.0 0.0 15.422796249389648
98 5 0.0 0.0 0.0 0.0 0.0 0.0 0.0 0.0 0.0 0.0
98 6 0.0 0.0 0.0 0.0 0.0 0.0 0.0 0.0 0.0 0.0
98 7 0.0 0.0 0.0 0.0 0.0 0.0 0.0 0.0 0.0 0.0
98 8 0.0 0.0 0.0 0.0 0.0 0.0 0.0 0.0 0.0 0.0
98 9 0.0 0.0 0.0 0.0 0.0 0.0 0.0 0.0 0.0 0.0
98 10 0.0 0.0 0.0 0.0 0.0 0.0 0.0 0.0 0.0 0.0
98 11 0.0 0.0 0.0 0.0 0.0 0.0 0.0 0.0 0.0 0.0
98 12 0.0 0.0 0.0 0.0 0.0 0.0 0.0 0.0 0.0 0.0
99 0 0.0 0.0 0.0 0.0 0.0 0.0 0.0 0.0 0.0 0.0
99 1 0.0 0.0 0.0 0.0 0.0 0.0 0.0 0.0 0.0 0.0
99 2 0.0 0.0 0.0 0.0 0.0 0.0 0.0 0.0 0.0 0.0
99 3 0.0 0.0 0.0 0.0 0.0 0.0 0.0 0.0 0.0 0.0
99 4 217.24769592285156 -1.5 0.0 0.0 0.0 3.0 2.0 0.0 0.0 17.825071334838867
99 5 0.0 0.0 0.0 0.0 0.0 0.0 0.0 0.0 0.0 0.0
99 6 0.0 0.0 0.0 0.0 0.0 0.0 0.0 0.0 0.0 0.0
99 7 0.0 0.0 0.0 0.0 0.0 0.0 0.0 0.0 0.0 0.0
99 8 0.0 0.0 0.0 0.0 0.0 0.0 0.0 0.0 0.0 0.0
99 9 0.0 0.0 0.0 0.0 0.0 0.0 0.0 0.0 0.0 0.0
99 10 0.0 0.0 0.0 0.0 0.0 0.0 0.0 0.0 0.0 0.0
99 11 0.0 0.0 0.0 0.0 0.0 0.0 0.0 0.0 0.0 0.0
99 12 0.0 0.0 0.0 0.0 0.0 0.0 0.0 0.0 0.0 0.0
100 0 0.0 0.0 0.0 0.0 0.0 0.0 0.0 0.0 0.0 0.0
100 1 0.0 0.0 0.0 0.0 0.0 0.0 0.0 0.0 0.0 0.0
100 2 0.0 0.0 0.0 0.0 0.0 0.0 0.0 0.0 0.0 0.0
100 3 0.0 0.0 0.0 0.0 0.0 0.0 0.0 0.0 0.0 0.0
100 4 219.74769592285156 -1.5 0.0 0.0 0.0 3.0 2.0 0.0 0.0 20.253929138183594
100 5 0.0 0.0 0.0 0.0 0.0 0.0 0.0 0.0 0.0 0.0
100 6 0.0 0.0 0.0 0.0 0.0 0.0 0.0 0.0 0.0 0.0
100 7 0.0 0.0 0.0 0.0 0.0 0.0 0.0 0.0 0.0 0.0
100 8 0.0 0.0 0.0 0.0 0.0 0.0 0.0 0.0 0.0 0.0
100 9 0.0 0.0 0.0 0.0 0.0 0.0 0.0 0.0 0.0 0.0
100 10 0.0 0.0 0.0 0.0 0.0 0.0 0.0 0.0 0.0 0.0
100 11 0.0 0.0 0.0 0.0 0.0 0.0 0.0 0.0 0.0 0.0
100 12 0.0 0.0 0.0 0.0 0.0 0.0 0.0 0.0 0.0 0.0
101 0 0.0 0.0 0.0 0.0 0.0 0.0 0.0 0.0 0.0 0.0
101 1 0.0 0.0 0.0 0.0 0.0 0.0 0.0 0.0 0.0 0.0
101 2 0.0 0.0 0.0 0.0 0.0 0.0 0.0 0.0 0.0 0.0
101 3 0.0 0.0 0.0 0.0 0.0 0.0 0.0 0.0 0.0 0.0
101 4 222.24969482421875 -1.5 0.0 0.0 0.0 3.0 2.0 0.0 0.0 22.7002010345459
101 5 0.0 0.0 0.0 0.0 0.0 0.0 0.0 0.0 0.0 0.0
101 6 0.0 0.0 0.0 0.0 0.0 0.0 0.0 0.0 0.0 0.0
101 7 0.0 0.0 0.0 0.0 0.0 0.0 0.0 0.0 0.0 0.0
101 8 0.0 0.0 0.0 0.0 0.0 0.0 0.0 0.0 0.0 0.0
101 9 0.0 0.0 0.0 0.0 0.0 0.0 0.0 0.0 0.0 0.0
101 10 0.0 0.0 0.0 0.0 0.0 0.0 0.0 0.0 0.0 0.0
101 11 0.0 0.0 0.0 0.0 0.0 0.0 0.0 0.0 0.0 0.0
101 12 0.0 0.0 0.0 0.0 0.0 0.0 0.0 0.0 0.0 0.0
