1 0 186.870361328125 -7.5431294441223145 0.005699791479855776 0.0 0.0 3.0 2.0 0.0 0.0 1.4993306398391724
1 1 66.6728744506836 -11.952325820922852 0.06594318151473999 0.0 0.0 3.0 2.0 0.0 0.0 1.4991495609283447
1 2 -1.1368682384490967 -4.5 0.0 0.0 0.0 3.0 2.0 0.0 0.0 11.585312843322754
1 3 77.48307037353516 -4.5 0.0 0.0 0.0 3.0 2.0 0.0 0.0 5.2492547035217285
1 4 0.0 0.0 0.0 0.0 0.0 0.0 0.0 0.0 0.0 0.0
1 5 170.84425354003906 -4.5 0.0 0.0 0.0 3.0 2.0 0.0 0.0 1.712836742401123
1 6 0.0 0.0 0.0 0.0 0.0 0.0 0.0 0.0 0.0 0.0
1 7 65.27552032470703 -1.5 0.0 0.0 0.0 3.0 2.0 0.0 0.0 9.02281665802002
1 8 178.29168701171875 -1.5 0.0 0.0 0.0 3.0 2.0 0.0 0.0 4.619782447814941
1 9 215.144775390625 -1.5 0.0 0.0 0.0 3.0 2.0 0.0 0.0 15.799188613891602
1 10 0.0 0.0 0.0 0.0 0.0 0.0 0.0 0.0 0.0 0.0
1 11 0.0 0.0 0.0 0.0 0.0 0.0 0.0 0.0 0.0 0.0
1 12 214.8000030517578 -10.5 0.0 0.0 0.0 3.0 2.0 0.0 0.0 15.469000816345215
2 0 190.3477020263672 -7.523309230804443 0.003959791734814644 0.0 0.0 3.0 2.0 0.0 0.0 1.4990324974060059
2 1 69.94329071044922 -11.736351013183594 0.06430268287658691 0.0 0.0 3.0 2.0 0.0 0.0 1.4996596574783325
2 2 2.263131618499756 -4.5 0.0 0.0 0.0 3.0 2.0 0.0 0.0 11.244708061218262
2 3 80.87907409667969 -4.5 0.0 0.0 0.0 3.0 2.0 0.0 0.0 5.042121410369873
2 4 0.0 0.0 0.0 0.0 0.0 0.0 0.0 0.0 0.0 0.0
2 5 174.3642578125 -4.5 0.0 0.0 0.0 3.0 2.0 0.0 0.0 1.6649994850158691
2 6 0.0 0.0 0.0 0.0 0.0 0.0 0.0 0.0 0.0 0.0
2 7 68.29551696777344 -1.5 0.0 0.0 0.0 3.0 2.0 0.0 0.0 8.822648048400879
2 8 181.29168701171875 -1.5 0.0 0.0 0.0 3.0 2.0 0.0 0.0 4.588320732116699
2 9 218.24478149414062 -1.5 0.0 0.0 0.0 3.0 2.0 0.0 0.0 18.791540145874023
2 10 0.0 0.0 0.0 0.0 0.0 0.0 0.0 0.0 0.0 0.0
2 11 0.0 0.0 0.0 0.0 0.0 0.0 0.0 0.0 0.0 0.0
2 12 217.33999633789062 -10.5 0.0 0.0 0.0 3.0 2.0 0.0 0.0 17.914396286010742
3 0 193.82505798339844 -7.509539604187012 0.002218791749328375 0.0 0.0 3.0 2.0 0.0 0.0 1.5085309743881226
3 1 73.21604919433594 -11.525612831115723 0.06266218423843384 0.0 0.0 3.0 2.0 0.0 0.0 1.4997185468673706
3 2 5.661131858825684 -4.5 0.0 0.0 0.0 3.0 2.0 0.0 0.0 10.913908958435059
3 3 84.2730712890625 -4.5 0.0 0.0 0.0 3.0 2.0 0.0 0.0 4.845681667327881
3 4 0.0 0.0 0.0 0.0 0.0 0.0 0.0 0.0 0.0 0.0
3 5 177.9042510986328 -4.5 0.0 0.0 0.0 3.0 2.0 0.0 0.0 1.6293632984161377
3 6 0.0 0.0 0.0 0.0 0.0 0.0 0.0 0.0 0.0 0.0
3 7 71.33551788330078 -1.5 0.0 0.0 0.0 3.0 2.0 0.0 0.0 8.627351760864258
3 8 184.29168701171875 -1.5 0.0 0.0 0.0 3.0 2.0 0.0 0.0 4.566364288330078
3 9 221.34478759765625 -1.5 0.0 0.0 0.0 3.0 2.0 0.0 0.0 21.813987731933594
3 10 0.0 0.0 0.0 0.0 0.0 0.0 0.0 0.0 0.0 0.0
3 11 0.0 0.0 0.0 0.0 0.0 0.0 0.0 0.0 0.0 0.0
3 12 219.89999389648438 -10.5 0.0 0.0 0.0 3.0 2.0 0.0 0.0 20.402450561523438
4 0 197.3064422607422 -7.501815319061279 0.0005213070544414222 0.0 0.0 3.0 2.0 0.0 0.0 1.4992914199829102
4 1 76.4871597290039 -11.320369720458984 0.06102118268609047 0.0 0.0 3.0 2.0 0.0 0.0 1.5042866468429565
4 2 9.05713176727295 -4.5 0.0 0.0 0.0 3.0 2.0 0.0 0.0 10.588329315185547
4 3 87.66707611083984 -4.5 0.0 0.0 0.0 3.0 2.0 0.0 0.0 4.650866508483887
4 4 0.0 0.0 0.0 0.0 0.0 0.0 0.0 0.0 0.0 0.0
4 5 181.46424865722656 -4.5 0.0 0.0 0.0 3.0 2.0 0.0 0.0 1.5885249376296997
4 6 0.0 0.0 0.0 0.0 0.0 0.0 0.0 0.0 0.0 0.0
4 7 74.39552307128906 -1.5 0.0 0.0 0.0 3.0 2.0 0.0 0.0 8.432344436645508
4 8 187.29168701171875 -1.5 0.0 0.0 0.0 3.0 2.0 0.0 0.0 4.540734767913818
4 9 224.44277954101562 -1.5 0.0 0.0 0.0 3.0 2.0 0.0 0.0 24.853561401367188
4 10 0.0 0.0 0.0 0.0 0.0 0.0 0.0 0.0 0.0 0.0
4 11 0.0 0.0 0.0 0.0 0.0 0.0 0.0 0.0 0.0 0.0
4 12 222.47999572753906 -10.5 0.0 0.0 0.0 3.0 2.0 0.0 0.0 22.925975799560547
5 0 200.78842163085938 -7.5 0.0 0.0 0.0 3.0 2.0 0.0 0.0 1.694581389427185
5 1 79.76258850097656 -11.120250701904297 0.05937918275594711 0.0 0.0 3.0 2.0 0.0 0.0 1.4989593029022217
5 2 12.453131675720215 -4.5 0.0 0.0 0.0 3.0 2.0 0.0 0.0 10.2683744430542
5 3 91.06307220458984 -4.5 0.0 0.0 0.0 3.0 2.0 0.0 0.0 4.464348316192627
5 4 0.0 0.0 0.0 0.0 0.0 0.0 0.0 0.0 0.0 0.0
5 5 185.04425048828125 -4.5 0.0 0.0 0.0 3.0 2.0 0.0 0.0 1.5569531917572021
5 6 0.0 0.0 0.0 0.0 0.0 0.0 0.0 0.0 0.0 0.0
5 7 77.47551727294922 -1.5 0.0 0.0 0.0 3.0 2.0 0.0 0.0 8.241470336914062
5 8 190.29168701171875 -1.5 0.0 0.0 0.0 3.0 2.0 0.0 0.0 4.524483680725098
5 9 227.54078674316406 -1.5 0.0 0.0 0.0 3.0 2.0 0.0 0.0 27.906005859375
5 10 0.0 0.0 0.0 0.0 0.0 0.0 0.0 0.0 0.0 0.0
5 11 0.0 0.0 0.0 0.0 0.0 0.0 0.0 0.0 0.0 0.0
5 12 225.0800018310547 -10.5 0.0 0.0 0.0 3.0 2.0 0.0 0.0 25.480510711669922
6 0 204.2724151611328 -7.5 0.0 0.0 0.0 3.0 2.0 0.0 0.0 4.528087139129639
6 1 83.03833770751953 -10.92551040649414 0.05773718282580376 0.0 0.0 3.0 2.0 0.0 0.0 1.4991145133972168
6 2 15.84913158416748 -4.5 0.0 0.0 0.0 3.0 2.0 0.0 0.0 9.9552640914917
6 3 94.46107482910156 -4.5 0.0 0.0 0.0 3.0 2.0 0.0 0.0 4.281228065490723
6 4 0.0 0.0 0.0 0.0 0.0 0.0 0.0 0.0 0.0 0.0
6 5 188.64425659179688 -4.5 0.0 0.0 0.0 3.0 2.0 0.0 0.0 1.5329281091690063
6 6 0.0 0.0 0.0 0.0 0.0 0.0 0.0 0.0 0.0 0.0
6 7 80.57552337646484 -1.5 0.0 0.0 0.0 3.0 2.0 0.0 0.0 8.054950714111328
6 8 193.29168701171875 -1.5 0.0 0.0 0.0 3.0 2.0 0.0 0.0 4.513482093811035
6 9 230.63877868652344 -1.5 0.0 0.0 0.0 3.0 2.0 0.0 0.0 30.967479705810547
6 10 0.0 0.0 0.0 0.0 0.0 0.0 0.0 0.0 0.0 0.0
6 11 0.0 0.0 0.0 0.0 0.0 0.0 0.0 0.0 0.0 0.0
6 12 227.6999969482422 -10.5 0.0 0.0 0.0 3.0 2.0 0.0 0.0 28.063142776489258
7 0 207.7604217529297 -7.5 0.0 0.0 0.0 3.0 2.0 0.0 0.0 7.904057025909424
7 1 86.31440734863281 -10.736148834228516 0.056094683706760406 0.0 0.0 3.0 2.0 0.0 0.0 1.4995890855789185
7 2 19.245132446289062 -4.5 0.0 0.0 0.0 3.0 2.0 0.0 0.0 9.645859718322754
7 3 97.85906982421875 -4.5 0.0 0.0 0.0 3.0 2.0 0.0 0.0 4.105057239532471
7 4 0.0 0.0 0.0 0.0 0.0 0.0 0.0 0.0 0.0 0.0
7 5 192.24424743652344 -4.5 0.0 0.0 0.0 3.0 2.0 0.0 0.0 1.5154051780700684
7 6 0.0 0.0 0.0 0.0 0.0 0.0 0.0 0.0 0.0 0.0
7 7 83.69551849365234 -1.5 0.0 0.0 0.0 3.0 2.0 0.0 0.0 7.8744988441467285
7 8 196.29368591308594 -1.5 0.0 0.0 0.0 3.0 2.0 0.0 0.0 4.503779411315918
7 9 233.73878479003906 -1.5 0.0 0.0 0.0 3.0 2.0 0.0 0.0 34.03755569458008
7 10 0.0 0.0 0.0 0.0 0.0 0.0 0.0 0.0 0.0 0.0
7 11 0.0 0.0 0.0 0.0 0.0 0.0 0.0 0.0 0.0 0.0
7 12 230.33999633789062 -10.5 0.0 0.0 0.0 3.0 2.0 0.0 0.0 30.67190170288086
8 0 211.2484130859375 -7.5 0.0 0.0 0.0 3.0 2.0 0.0 0.0 11.347983360290527
8 1 89.59278106689453 -10.552056312561035 0.054450683295726776 0.0 0.0 3.0 2.0 0.0 0.0 1.50370454788208
8 2 22.63713264465332 -4.5 0.0 0.0 0.0 3.0 2.0 0.0 0.0 9.344626426696777
8 3 101.25907135009766 -4.5 0.0 0.0 0.0 3.0 2.0 0.0 0.0 3.9346771240234375
8 4 0.0 0.0 0.0 0.0 0.0 0.0 0.0 0.0 0.0 0.0
8 5 195.84425354003906 -4.5 0.0 0.0 0.0 3.0 2.0 0.0 0.0 1.5043847560882568
8 6 0.0 0.0 0.0 0.0 0.0 0.0 0.0 0.0 0.0 0.0
8 7 86.83551788330078 -1.5 0.0 0.0 0.0 3.0 2.0 0.0 0.0 7.6939263343811035
8 8 199.29368591308594 -1.5 0.0 0.0 0.0 3.0 2.0 0.0 0.0 4.505398750305176
8 9 236.83877563476562 -1.5 0.0 0.0 0.0 3.0 2.0 0.0 0.0 37.11260986328125
8 10 0.0 0.0 0.0 0.0 0.0 0.0 0.0 0.0 0.0 0.0
8 11 0.0 0.0 0.0 0.0 0.0 0.0 0.0 0.0 0.0 0.0
8 12 233.0 -10.5 0.0 0.0 0.0 3.0 2.0 0.0 0.0 33.30540466308594
9 0 214.74041748046875 -7.5 0.0 0.0 0.0 3.0 2.0 0.0 0.0 14.816544532775879
9 1 92.87544250488281 -10.373136520385742 0.052805185317993164 0.0 0.0 3.0 2.0 0.0 0.0 1.5160952806472778
9 2 26.031131744384766 -4.5 0.0 0.0 0.0 3.0 2.0 0.0 0.0 9.04743480682373
9 3 104.66107177734375 -4.5 0.0 0.0 0.0 3.0 2.0 0.0 0.0 3.770554542541504
9 4 0.0 0.0 0.0 0.0 0.0 0.0 0.0 0.0 0.0 0.0
9 5 199.44424438476562 -4.5 0.0 0.0 0.0 3.0 2.0 0.0 0.0 1.5005663633346558
9 6 0.0 0.0 0.0 0.0 0.0 0.0 0.0 0.0 0.0 0.0
9 7 89.99552154541016 -1.5 0.0 0.0 0.0 3.0 2.0 0.0 0.0 7.517305850982666
9 8 202.29168701171875 -1.5 0.0 0.0 0.0 3.0 2.0 0.0 0.0 5.0499348640441895
9 9 239.94078063964844 -1.5 0.0 0.0 0.0 3.0 2.0 0.0 0.0 40.1934814453125
9 10 0.0 0.0 0.0 0.0 0.0 0.0 0.0 0.0 0.0 0.0
9 11 0.0 0.0 0.0 0.0 0.0 0.0 0.0 0.0 0.0 0.0
9 12 235.67999267578125 -10.5 0.0 0.0 0.0 3.0 2.0 0.0 0.0 35.96265411376953
10 0 218.232421875 -7.5 0.0 0.0 0.0 3.0 2.0 0.0 0.0 18.29401969909668
10 1 96.16038513183594 -10.199512481689453 0.05115768313407898 0.0 0.0 3.0 2.0 0.0 0.0 1.4989618062973022
10 2 29.423131942749023 -4.5 0.0 0.0 0.0 3.0 2.0 0.0 0.0 8.756491661071777
10 3 108.06107330322266 -4.5 0.0 0.0 0.0 3.0 2.0 0.0 0.0 3.6115362644195557
10 4 0.0 0.0 0.0 0.0 0.0 0.0 0.0 0.0 0.0 0.0
10 5 203.04624938964844 -4.5 0.0 0.0 0.0 3.0 2.0 0.0 0.0 3.3955321311950684
10 6 0.0 0.0 0.0 0.0 0.0 0.0 0.0 0.0 0.0 0.0
10 7 93.17552185058594 -1.5 0.0 0.0 0.0 3.0 2.0 0.0 0.0 7.345434665679932
10 8 205.28968811035156 -1.5 0.0 0.0 0.0 3.0 2.0 0.0 0.0 6.944841384887695
10 9 243.04278564453125 -1.5 0.0 0.0 0.0 3.0 2.0 0.0 0.0 43.277381896972656
10 10 0.0 0.0 0.0 0.0 0.0 0.0 0.0 0.0 0.0 0.0
10 11 0.0 0.0 0.0 0.0 0.0 0.0 0.0 0.0 0.0 0.0
10 12 238.3800048828125 -10.5 0.0 0.0 0.0 3.0 2.0 0.0 0.0 38.64291000366211
11 0 221.7244110107422 -7.5 0.0 0.0 0.0 3.0 2.0 0.0 0.0 21.776132583618164
11 1 99.45159912109375 -10.03099536895752 0.04950918257236481 0.0 0.0 3.0 2.0 0.0 0.0 1.4991389513015747
11 2 32.813133239746094 -4.5 0.0 0.0 0.0 3.0 2.0 0.0 0.0 8.473735809326172
11 3 111.46307373046875 -4.5 0.0 0.0 0.0 3.0 2.0 0.0 0.0 3.4582698345184326
11 4 0.0 0.0 0.0 0.0 0.0 0.0 0.0 0.0 0.0 0.0
11 5 206.64625549316406 -4.5 0.0 0.0 0.0 3.0 2.0 0.0 0.0 6.8134260177612305
11 6 0.0 0.0 0.0 0.0 0.0 0.0 0.0 0.0 0.0 0.0
11 7 96.37551879882812 -1.5 0.0 0.0 0.0 3.0 2.0 0.0 0.0 7.178339958190918
11 8 208.28768920898438 -1.5 0.0 0.0 0.0 3.0 2.0 0.0 0.0 9.430578231811523
11 9 246.1427764892578 -1.5 0.0 0.0 0.0 3.0 2.0 0.0 0.0 46.36168670654297
11 10 0.0 0.0 0.0 0.0 0.0 0.0 0.0 0.0 0.0 0.0
11 11 0.0 0.0 0.0 0.0 0.0 0.0 0.0 0.0 0.0 0.0
11 12 241.10000610351562 -10.5 0.0 0.0 0.0 3.0 2.0 0.0 0.0 41.34561538696289
12 0 225.21441650390625 -7.5 0.0 0.0 0.0 3.0 2.0 0.0 0.0 25.25899887084961
12 1 102.7410888671875 -9.868001937866211 0.04786168411374092 0.0 0.0 3.0 2.0 0.0 0.0 1.5056756734848022
12 2 36.20313262939453 -4.5 0.0 0.0 0.0 3.0 2.0 0.0 0.0 8.191183090209961
12 3 114.86307525634766 -4.5 0.0 0.0 0.0 3.0 2.0 0.0 0.0 3.310483694076538
12 4 0.0 0.0 0.0 0.0 0.0 0.0 0.0 0.0 0.0 0.0
12 5 210.24624633789062 -4.5 0.0 0.0 0.0 3.0 2.0 0.0 0.0 10.355463981628418
12 6 0.0 0.0 0.0 0.0 0.0 0.0 0.0 0.0 0.0 0.0
12 7 99.59552001953125 -1.5 0.0 0.0 0.0 3.0 2.0 0.0 0.0 7.015294075012207
12 8 211.2816925048828 -1.5 0.0 0.0 0.0 3.0 2.0 0.0 0.0 12.146059036254883
12 9 249.24078369140625 -1.5 0.0 0.0 0.0 3.0 2.0 0.0 0.0 49.44597625732422
12 10 0.0 0.0 0.0 0.0 0.0 0.0 0.0 0.0 0.0 0.0
12 11 0.0 0.0 0.0 0.0 0.0 0.0 0.0 0.0 0.0 0.0
12 12 243.83999633789062 -10.5 0.005434729158878326 0.0 0.0 3.0 2.0 0.0 0.0 44.07034683227539
13 0 228.71282958984375 -7.5 0.0 0.0 0.0 3.0 2.0 0.0 0.0 28.751983642578125
13 1 106.02885437011719 -9.71052360534668 0.04621518403291702 0.0 0.0 3.0 2.0 0.0 0.0 1.4998067617416382
13 2 39.58913040161133 -4.5 0.0 0.0 0.0 3.0 2.0 0.0 0.0 7.919798374176025
13 3 118.26507568359375 -4.5 0.0 0.0 0.0 3.0 2.0 0.0 0.0 3.168205499649048
13 4 0.0 0.0 0.0 0.0 0.0 0.0 0.0 0.0 0.0 0.0
13 5 213.84425354003906 -4.5 0.0 0.0 0.0 3.0 2.0 0.0 0.0 13.925273895263672
13 6 0.0 0.0 0.0 0.0 0.0 0.0 0.0 0.0 0.0 0.0
13 7 102.83551788330078 -1.5 0.0 0.0 0.0 3.0 2.0 0.0 0.0 6.856688022613525
13 8 214.27967834472656 -1.5 0.0 0.0 0.0 3.0 2.0 0.0 0.0 14.971949577331543
13 9 0.0 0.0 0.0 0.0 0.0 0.0 0.0 0.0 0.0 0.0
13 10 0.0 0.0 0.0 0.0 0.0 0.0 0.0 0.0 0.0 0.0
13 11 0.0 0.0 0.0 0.0 0.0 0.0 0.0 0.0 0.0 0.0
13 12 246.60000610351562 -10.484999656677246 0.016185637563467026 0.0 0.0 3.0 2.0 0.0 0.0 46.815330505371094
14 0 232.2195281982422 -7.5 0.0 0.0 0.0 3.0 2.0 0.0 0.0 32.25442886352539
14 1 109.31487274169922 -9.558551788330078 0.04456768557429314 0.0 0.0 3.0 2.0 0.0 0.0 1.4992358684539795
14 2 42.9731330871582 -4.5 0.0 0.0 0.0 3.0 2.0 0.0 0.0 7.651254177093506
14 3 121.66506958007812 -4.5 0.0 0.0 0.0 3.0 2.0 0.0 0.0 3.041182041168213
14 4 0.0 0.0 0.0 0.0 0.0 0.0 0.0 0.0 0.0 0.0
14 5 217.44224548339844 -4.5 0.0 0.0 0.0 3.0 2.0 0.0 0.0 17.506629943847656
14 6 0.0 0.0 0.0 0.0 0.0 0.0 0.0 0.0 0.0 0.0
14 7 106.09552001953125 -1.5 0.0 0.0 0.0 3.0 2.0 0.0 0.0 6.698597431182861
14 8 217.27767944335938 -1.5 0.0 0.0 0.0 3.0 2.0 0.0 0.0 17.854082107543945
14 9 0.0 0.0 0.0 0.0 0.0 0.0 0.0 0.0 0.0 0.0
14 10 0.0 0.0 0.0 0.0 0.0 0.0 0.0 0.0 0.0 0.0
14 11 0.0 0.0 0.0 0.0 0.0 0.0 0.0 0.0 0.0 0.0
14 12 249.3800048828125 -10.4399995803833 0.026779310777783394 0.0 0.0 3.0 2.0 0.0 0.0 49.57920837402344
15 0 235.7344207763672 -7.5 0.0 0.0 0.0 3.0 2.0 0.0 0.0 35.76588821411133
15 1 112.60712432861328 -9.411725997924805 0.04291868209838867 0.0 0.0 3.0 2.0 0.0 0.0 1.499558687210083
15 2 46.35713195800781 -4.5 0.0 0.0 0.0 3.0 2.0 0.0 0.0 7.3897271156311035
15 3 125.06507110595703 -4.5 0.0 0.0 0.0 3.0 2.0 0.0 0.0 2.903197765350342
15 4 0.0 0.0 0.0 0.0 0.0 0.0 0.0 0.0 0.0 0.0
15 5 221.0382537841797 -4.5 0.0 0.0 0.0 3.0 2.0 0.0 0.0 21.091655731201172
15 6 0.0 0.0 0.0 0.0 0.0 0.0 0.0 0.0 0.0 0.0
15 7 109.37551879882812 -1.5 0.0 0.0 0.0 3.0 2.0 0.0 0.0 6.548038005828857
15 8 220.2756805419922 -1.5 0.0 0.0 0.0 3.0 2.0 0.0 0.0 20.769044876098633
15 9 0.0 0.0 0.0 0.0 0.0 0.0 0.0 0.0 0.0 0.0
15 10 0.0 0.0 0.0 0.0 0.0 0.0 0.0 0.0 0.0 0.0
15 11 0.0 0.0 0.0 0.0 0.0 0.0 0.0 0.0 0.0 0.0
15 12 0.0 0.0 0.0 0.0 0.0 0.0 0.0 0.0 0.0 0.0
16 0 239.2574005126953 -7.5 0.0 0.0 0.0 3.0 2.0 0.0 0.0 39.28604507446289
16 1 115.89961242675781 -9.270329475402832 0.041269682347774506 0.0 0.0 3.0 2.0 0.0 0.0 1.50816011428833
16 2 49.743133544921875 -4.5 0.0 0.0 0.0 3.0 2.0 0.0 0.0 7.132972717285156
16 3 128.46107482910156 -4.5 0.0 0.0 0.0 3.0 2.0 0.0 0.0 2.786344289779663
16 4 0.0 0.0 0.0 0.0 0.0 0.0 0.0 0.0 0.0 0.0
16 5 224.6322479248047 -4.5 0.0 0.0 0.0 3.0 2.0 0.0 0.0 24.677879333496094
16 6 0.0 0.0 0.0 0.0 0.0 0.0 0.0 0.0 0.0 0.0
16 7 112.67552185058594 -1.5 0.0 0.0 0.0 3.0 2.0 0.0 0.0 6.402135372161865
16 8 223.2716827392578 -1.5 0.0 0.0 0.0 3.0 2.0 0.0 0.0 23.7027645111084
16 9 0.0 0.0 0.0 0.0 0.0 0.0 0.0 0.0 0.0 0.0
16 10 0.0 0.0 0.0 0.0 0.0 0.0 0.0 0.0 0.0 0.0
16 11 0.0 0.0 0.0 0.0 0.0 0.0 0.0 0.0 0.0 0.0
16 12 0.0 0.0 0.0 0.0 0.0 0.0 0.0 0.0 0.0 0.0
17 0 242.788330078125 -7.5 0.0 0.0 0.0 3.0 2.0 0.0 0.0 42.814613342285156
17 1 119.19233703613281 -9.134363174438477 0.03962068259716034 0.0 0.0 3.0 2.0 0.0 0.0 1.4993799924850464
17 2 53.12913131713867 -4.5 0.0 0.0 0.0 3.0 2.0 0.0 0.0 6.881885528564453
17 3 131.85707092285156 -4.5 0.0 0.0 0.0 3.0 2.0 0.0 0.0 2.6605706214904785
17 4 0.0 0.0 0.0 0.0 0.0 0.0 0.0 0.0 0.0 0.0
17 5 228.22425842285156 -4.5 0.0 0.0 0.0 3.0 2.0 0.0 0.0 28.26409149169922
17 6 0.0 0.0 0.0 0.0 0.0 0.0 0.0 0.0 0.0 0.0
17 7 115.99552154541016 -1.5 0.0 0.0 0.0 3.0 2.0 0.0 0.0 6.261908531188965
17 8 226.26768493652344 -1.5 0.0 0.0 0.0 3.0 2.0 0.0 0.0 26.650346755981445
17 9 0.0 0.0 0.0 0.0 0.0 0.0 0.0 0.0 0.0 0.0
17 10 0.0 0.0 0.0 0.0 0.0 0.0 0.0 0.0 0.0 0.0
17 11 0.0 0.0 0.0 0.0 0.0 0.0 0.0 0.0 0.0 0.0
17 12 0.0 0.0 0.0 0.0 0.0 0.0 0.0 0.0 0.0 0.0
18 0 246.32711791992188 -7.5 0.0 0.0 0.0 3.0 2.0 0.0 0.0 46.35139846801758
18 1 122.48527526855469 -9.003826141357422 0.03797168284654617 0.0 0.0 3.0 2.0 0.0 0.0 1.4999570846557617
18 2 56.515132904052734 -4.5 0.0 0.0 0.0 3.0 2.0 0.0 0.0 6.639338970184326
18 3 135.25106811523438 -4.5 0.0 0.0 0.0 3.0 2.0 0.0 0.0 2.553452968597412
18 4 0.0 0.0 0.0 0.0 0.0 0.0 0.0 0.0 0.0 0.0
18 5 231.81625366210938 -4.5 0.0 0.0 0.0 3.0 2.0 0.0 0.0 31.85158920288086
18 6 0.0 0.0 0.0 0.0 0.0 0.0 0.0 0.0 0.0 0.0
18 7 119.33551788330078 -1.5 0.0 0.0 0.0 3.0 2.0 0.0 0.0 6.123241901397705
18 8 229.26768493652344 -1.5 0.0 0.0 0.0 3.0 2.0 0.0 0.0 29.611604690551758
18 9 0.0 0.0 0.0 0.0 0.0 0.0 0.0 0.0 0.0 0.0
18 10 0.0 0.0 0.0 0.0 0.0 0.0 0.0 0.0 0.0 0.0
18 11 0.0 0.0 0.0 0.0 0.0 0.0 0.0 0.0 0.0 0.0
18 12 0.0 0.0 0.0 0.0 0.0 0.0 0.0 0.0 0.0 0.0
19 0 249.8736572265625 -7.5 0.0 0.0 0.0 3.0 2.0 0.0 0.0 49.89621353149414
19 1 125.77842712402344 -8.878719329833984 0.03632368519902229 0.0 0.0 3.0 2.0 0.0 0.0 1.5015214681625366
19 2 59.90113067626953 -4.5 0.0 0.0 0.0 3.0 2.0 0.0 0.0 6.398019313812256
19 3 138.64707946777344 -4.5 0.0 0.0 0.0 3.0 2.0 0.0 0.0 2.4401814937591553
19 4 0.0 0.0 0.0 0.0 0.0 0.0 0.0 0.0 0.0 0.0
19 5 235.40625 -4.5 0.0 0.0 0.0 3.0 2.0 0.0 0.0 35.438011169433594
19 6 0.0 0.0 0.0 0.0 0.0 0.0 0.0 0.0 0.0 0.0
19 7 122.69551849365234 -1.5 0.0 0.0 0.0 3.0 2.0 0.0 0.0 5.9905009269714355
19 8 232.26768493652344 -1.5 0.0 0.0 0.0 3.0 2.0 0.0 0.0 32.579952239990234
19 9 0.0 0.0 0.0 0.0 0.0 0.0 0.0 0.0 0.0 0.0
19 10 0.0 0.0 0.0 0.0 0.0 0.0 0.0 0.0 0.0 0.0
19 11 0.0 0.0 0.0 0.0 0.0 0.0 0.0 0.0 0.0 0.0
19 12 0.0 0.0 0.0 0.0 0.0 0.0 0.0 0.0 0.0 0.0
20 0 0.0 0.0 0.0 0.0 0.0 0.0 0.0 0.0 0.0 0.0
20 1 129.06777954101562 -8.759185791015625 0.03467618301510811 0.0 0.0 3.0 2.0 0.0 0.0 1.512436866760254
20 2 63.28913116455078 -4.5 0.0 0.0 0.0 3.0 2.0 0.0 0.0 6.1655683517456055
20 3 142.04507446289062 -4.5 0.0 0.0 0.0 3.0 2.0 0.0 0.0 2.344714403152466
20 4 0.0 0.0 0.0 0.0 0.0 0.0 0.0 0.0 0.0 0.0
20 5 238.99624633789062 -4.5 0.0 0.0 0.0 3.0 2.0 0.0 0.0 39.025089263916016
20 6 0.0 0.0 0.0 0.0 0.0 0.0 0.0 0.0 0.0 0.0
20 7 126.07552337646484 -1.5 0.0 0.0 0.0 3.0 2.0 0.0 0.0 5.866433143615723
20 8 235.26968383789062 -1.5 0.0 0.0 0.0 3.0 2.0 0.0 0.0 35.55559539794922
20 9 0.0 0.0 0.0 0.0 0.0 0.0 0.0 0.0 0.0 0.0
20 10 0.0 0.0 0.0 0.0 0.0 0.0 0.0 0.0 0.0 0.0
20 11 0.0 0.0 0.0 0.0 0.0 0.0 0.0 0.0 0.0 0.0
20 12 0.0 0.0 0.0 0.0 0.0 0.0 0.0 0.0 0.0 0.0
21 0 0.0 0.0 0.0 0.0 0.0 0.0 0.0 0.0 0.0 0.0
21 1 132.3593292236328 -8.645001411437988 0.033029183745384216 0.0 0.0 3.0 2.0 0.0 0.0 1.4989900588989258
21 2 66.67913055419922 -4.5 0.0 0.0 0.0 3.0 2.0 0.0 0.0 5.936375617980957
21 3 145.4430694580078 -4.5 0.0 0.0 0.0 3.0 2.0 0.0 0.0 2.244370222091675
21 4 0.0 0.0 0.0 0.0 0.0 0.0 0.0 0.0 0.0 0.0
21 5 242.5802459716797 -4.5 0.0 0.0 0.0 3.0 2.0 0.0 0.0 42.60666275024414
21 6 0.0 0.0 0.0 0.0 0.0 0.0 0.0 0.0 0.0 0.0
21 7 129.47552490234375 -1.5 0.0 0.0 0.0 3.0 2.0 0.0 0.0 5.740993022918701
21 8 238.26968383789062 -1.5 0.0 0.0 0.0 3.0 2.0 0.0 0.0 38.53334045410156
21 9 0.0 0.0 0.0 0.0 0.0 0.0 0.0 0.0 0.0 0.0
21 10 0.0 0.0 0.0 0.0 0.0 0.0 0.0 0.0 0.0 0.0
21 11 0.0 0.0 0.0 0.0 0.0 0.0 0.0 0.0 0.0 0.0
21 12 0.0 0.0 0.0 0.0 0.0 0.0 0.0 0.0 0.0 0.0
22 0 0.0 0.0 0.0 0.0 0.0 0.0 0.0 0.0 0.0 0.0
22 1 135.64706420898438 -8.536371231079102 0.03138318285346031 0.0 0.0 3.0 2.0 0.0 0.0 1.499287486076355
22 2 70.06912994384766 -4.5 0.0 0.0 0.0 3.0 2.0 0.0 0.0 5.713883399963379
22 3 148.84107971191406 -4.5 0.0 0.0 0.0 3.0 2.0 0.0 0.0 2.1591410636901855
22 4 0.0 0.0 0.0 0.0 0.0 0.0 0.0 0.0 0.0 0.0
22 5 246.16224670410156 -4.5 0.0 0.0 0.0 3.0 2.0 0.0 0.0 46.186614990234375
22 6 0.0 0.0 0.0 0.0 0.0 0.0 0.0 0.0 0.0 0.0
22 7 132.8775177001953 -1.5 0.0 0.0 0.0 3.0 2.0 0.0 0.0 5.627221584320068
22 8 241.26968383789062 -1.5 0.0 0.0 0.0 3.0 2.0 0.0 0.0 41.5142936706543
22 9 0.0 0.0 0.0 0.0 0.0 0.0 0.0 0.0 0.0 0.0
22 10 0.0 0.0 0.0 0.0 0.0 0.0 0.0 0.0 0.0 0.0
22 11 0.0 0.0 0.0 0.0 0.0 0.0 0.0 0.0 0.0 0.0
22 12 0.0 0.0 0.0 0.0 0.0 0.0 0.0 0.0 0.0 0.0
23 0 0.0 0.0 0.0 0.0 0.0 0.0 0.0 0.0 0.0 0.0
23 1 138.9349822998047 -8.433152198791504 0.029737183824181557 0.0 0.0 3.0 2.0 0.0 0.0 1.503607153892517
23 2 73.46112823486328 -4.5 0.0 0.0 0.0 3.0 2.0 0.0 0.0 5.496273517608643
23 3 152.24107360839844 -4.5 0.0 0.0 0.0 3.0 2.0 0.0 0.0 2.0706112384796143
23 4 0.0 0.0 0.0 0.0 0.0 0.0 0.0 0.0 0.0 0.0
23 5 249.74424743652344 -4.5 0.0 0.0 0.0 3.0 2.0 0.0 0.0 49.76686096191406
23 6 0.0 0.0 0.0 0.0 0.0 0.0 0.0 0.0 0.0 0.0
23 7 136.2995147705078 -1.5 0.0 0.0 0.0 3.0 2.0 0.0 0.0 5.512928009033203
23 8 244.2716827392578 -1.5 0.0 0.0 0.0 3.0 2.0 0.0 0.0 44.499794006347656
23 9 0.0 0.0 0.0 0.0 0.0 0.0 0.0 0.0 0.0 0.0
23 10 0.0 0.0 0.0 0.0 0.0 0.0 0.0 0.0 0.0 0.0
23 11 0.0 0.0 0.0 0.0 0.0 0.0 0.0 0.0 0.0 0.0
23 12 0.0 0.0 0.0 0.0 0.0 0.0 0.0 0.0 0.0 0.0
24 0 0.0 0.0 0.0 0.0 0.0 0.0 0.0 0.0 0.0 0.0
24 1 142.22305297851562 -8.335345268249512 0.028090184554457664 0.0 0.0 3.0 2.0 0.0 0.0 1.5155436992645264
24 2 76.85313415527344 -4.5 0.0 0.0 0.0 3.0 2.0 0.0 0.0 5.285279750823975
24 3 155.64306640625 -4.5 0.0 0.0 0.0 3.0 2.0 0.0 0.0 1.9959800243377686
24 4 0.0 0.0 0.0 0.0 0.0 0.0 0.0 0.0 0.0 0.0
24 5 0.0 0.0 0.0 0.0 0.0 0.0 0.0 0.0 0.0 0.0
24 6 0.0 0.0 0.0 0.0 0.0 0.0 0.0 0.0 0.0 0.0
24 7 139.72352600097656 -1.5 0.0 0.0 0.0 3.0 2.0 0.0 0.0 5.410293102264404
24 8 247.2716827392578 -1.5 0.0 0.0 0.0 3.0 2.0 0.0 0.0 47.48538589477539
24 9 0.0 0.0 0.0 0.0 0.0 0.0 0.0 0.0 0.0 0.0
24 10 0.0 0.0 0.0 0.0 0.0 0.0 0.0 0.0 0.0 0.0
24 11 0.0 0.0 0.0 0.0 0.0 0.0 0.0 0.0 0.0 0.0
24 12 0.0 0.0 0.0 0.0 0.0 0.0 0.0 0.0 0.0 0.0
25 0 0.0 0.0 0.0 0.0 0.0 0.0 0.0 0.0 0.0 0.0
25 1 145.51528930664062 -8.242840766906738 0.026442183181643486 0.0 0.0 3.0 2.0 0.0 0.0 1.499039888381958
25 2 80.24713134765625 -4.5 0.0 0.0 0.0 3.0 2.0 0.0 0.0 5.0844621658325195
25 3 159.04307556152344 -4.5 0.0 0.0 0.0 3.0 2.0 0.0 0.0 1.9191118478775024
25 4 0.0 0.0 0.0 0.0 0.0 0.0 0.0 0.0 0.0 0.0
25 5 0.0 0.0 0.0 0.0 0.0 0.0 0.0 0.0 0.0 0.0
25 6 0.0 0.0 0.0 0.0 0.0 0.0 0.0 0.0 0.0 0.0
25 7 143.14752197265625 -1.5 0.0 0.0 0.0 3.0 2.0 0.0 0.0 5.306468486785889
25 8 0.0 0.0 0.0 0.0 0.0 0.0 0.0 0.0 0.0 0.0
25 9 0.0 0.0 0.0 0.0 0.0 0.0 0.0 0.0 0.0 0.0
25 10 0.0 0.0 0.0 0.0 0.0 0.0 0.0 0.0 0.0 0.0
25 11 0.0 0.0 0.0 0.0 0.0 0.0 0.0 0.0 0.0 0.0
25 12 0.0 0.0 0.0 0.0 0.0 0.0 0.0 0.0 0.0 0.0
26 0 0.0 0.0 0.0 0.0 0.0 0.0 0.0 0.0 0.0 0.0
26 1 148.8076629638672 -8.155763626098633 0.024793684482574463 0.0 0.0 3.0 2.0 0.0 0.0 1.4990112781524658
26 2 83.64112854003906 -4.5 0.0 0.0 0.0 3.0 2.0 0.0 0.0 4.880489349365234
26 3 162.4430694580078 -4.5 0.0 0.0 0.0 3.0 2.0 0.0 0.0 1.856770396232605
26 4 0.0 0.0 0.0 0.0 0.0 0.0 0.0 0.0 0.0 0.0
26 5 0.0 0.0 0.0 0.0 0.0 0.0 0.0 0.0 0.0 0.0
26 6 0.0 0.0 0.0 0.0 0.0 0.0 0.0 0.0 0.0 0.0
26 7 146.57351684570312 -1.5 0.0 0.0 0.0 3.0 2.0 0.0 0.0 5.216967582702637
26 8 0.0 0.0 0.0 0.0 0.0 0.0 0.0 0.0 0.0 0.0
26 9 0.0 0.0 0.0 0.0 0.0 0.0 0.0 0.0 0.0 0.0
26 10 0.0 0.0 0.0 0.0 0.0 0.0 0.0 0.0 0.0 0.0
26 11 0.0 0.0 0.0 0.0 0.0 0.0 0.0 0.0 0.0 0.0
26 12 0.0 0.0 0.0 0.0 0.0 0.0 0.0 0.0 0.0 0.0
27 0 0.0 0.0 0.0 0.0 0.0 0.0 0.0 0.0 0.0 0.0
27 1 152.1021728515625 -8.074063301086426 0.02314368449151516 0.0 0.0 3.0 2.0 0.0 0.0 1.5052685737609863
27 2 87.0311279296875 -4.5 0.0 0.0 0.0 3.0 2.0 0.0 0.0 4.689248561859131
27 3 165.84307861328125 -4.5 0.0 0.0 0.0 3.0 2.0 0.0 0.0 1.7923951148986816
27 4 0.0 0.0 0.0 0.0 0.0 0.0 0.0 0.0 0.0 0.0
27 5 0.0 0.0 0.0 0.0 0.0 0.0 0.0 0.0 0.0 0.0
27 6 0.0 0.0 0.0 0.0 0.0 0.0 0.0 0.0 0.0 0.0
27 7 149.99351501464844 -1.5 0.0 0.0 0.0 3.0 2.0 0.0 0.0 5.124382019042969
27 8 0.0 0.0 0.0 0.0 0.0 0.0 0.0 0.0 0.0 0.0
27 9 0.0 0.0 0.0 0.0 0.0 0.0 0.0 0.0 0.0 0.0
27 10 0.0 0.0 0.0 0.0 0.0 0.0 0.0 0.0 0.0 0.0
27 11 0.0 0.0 0.0 0.0 0.0 0.0 0.0 0.0 0.0 0.0
27 12 0.0 0.0 0.0 0.0 0.0 0.0 0.0 0.0 0.0 0.0
28 0 0.0 0.0 0.0 0.0 0.0 0.0 0.0 0.0 0.0 0.0
28 1 155.40081787109375 -7.997706890106201 0.02149268426001072 0.0 0.0 3.0 2.0 0.0 0.0 1.4997496604919434
28 2 90.41513061523438 -4.5 0.0 0.0 0.0 3.0 2.0 0.0 0.0 4.498378276824951
28 3 169.24307250976562 -4.5 0.0 0.0 0.0 3.0 2.0 0.0 0.0 1.7406624555587769
28 4 0.0 0.0 0.0 0.0 0.0 0.0 0.0 0.0 0.0 0.0
28 5 0.0 0.0 0.0 0.0 0.0 0.0 0.0 0.0 0.0 0.0
28 6 0.0 0.0 0.0 0.0 0.0 0.0 0.0 0.0 0.0 0.0
28 7 153.41151428222656 -1.5 0.0 0.0 0.0 3.0 2.0 0.0 0.0 5.042317867279053
28 8 0.0 0.0 0.0 0.0 0.0 0.0 0.0 0.0 0.0 0.0
28 9 0.0 0.0 0.0 0.0 0.0 0.0 0.0 0.0 0.0 0.0
28 10 0.0 0.0 0.0 0.0 0.0 0.0 0.0 0.0 0.0 0.0
28 11 0.0 0.0 0.0 0.0 0.0 0.0 0.0 0.0 0.0 0.0
28 12 0.0 0.0 0.0 0.0 0.0 0.0 0.0 0.0 0.0 0.0
29 0 0.0 0.0 0.0 0.0 0.0 0.0 0.0 0.0 0.0 0.0
29 1 158.69956970214844 -7.926796913146973 0.01984168402850628 0.0 0.0 3.0 2.0 0.0 0.0 1.4995380640029907
29 2 93.80113220214844 -4.5 0.0 0.0 0.0 3.0 2.0 0.0 0.0 4.316678524017334
29 3 172.6410675048828 -4.5 0.0 0.0 0.0 3.0 2.0 0.0 0.0 1.6878573894500732
29 4 0.0 0.0 0.0 0.0 0.0 0.0 0.0 0.0 0.0 0.0
29 5 0.0 0.0 0.0 0.0 0.0 0.0 0.0 0.0 0.0 0.0
29 6 0.0 0.0 0.0 0.0 0.0 0.0 0.0 0.0 0.0 0.0
29 7 156.83152770996094 -1.5 0.0 0.0 0.0 3.0 2.0 0.0 0.0 4.96584415435791
29 8 0.0 0.0 0.0 0.0 0.0 0.0 0.0 0.0 0.0 0.0
29 9 0.0 0.0 0.0 0.0 0.0 0.0 0.0 0.0 0.0 0.0
29 10 0.0 0.0 0.0 0.0 0.0 0.0 0.0 0.0 0.0 0.0
29 11 0.0 0.0 0.0 0.0 0.0 0.0 0.0 0.0 0.0 0.0
29 12 0.0 0.0 0.0 0.0 0.0 0.0 0.0 0.0 0.0 0.0
30 0 0.0 0.0 0.0 0.0 0.0 0.0 0.0 0.0 0.0 0.0
30 1 161.99844360351562 -7.86133337020874 0.0181896835565567 0.0 0.0 3.0 2.0 0.0 0.0 1.5003911256790161
30 2 97.18513488769531 -4.5 0.0 0.0 0.0 3.0 2.0 0.0 0.0 4.139529705047607
30 3 176.03907775878906 -4.5 0.0 0.0 0.0 3.0 2.0 0.0 0.0 1.6465442180633545
30 4 0.0 0.0 0.0 0.0 0.0 0.0 0.0 0.0 0.0 0.0
30 5 0.0 0.0 0.0 0.0 0.0 0.0 0.0 0.0 0.0 0.0
30 6 0.0 0.0 0.0 0.0 0.0 0.0 0.0 0.0 0.0 0.0
30 7 160.24752807617188 -1.5 0.0 0.0 0.0 3.0 2.0 0.0 0.0 4.894985198974609
30 8 0.0 0.0 0.0 0.0 0.0 0.0 0.0 0.0 0.0 0.0
30 9 0.0 0.0 0.0 0.0 0.0 0.0 0.0 0.0 0.0 0.0
30 10 0.0 0.0 0.0 0.0 0.0 0.0 0.0 0.0 0.0 0.0
30 11 0.0 0.0 0.0 0.0 0.0 0.0 0.0 0.0 0.0 0.0
30 12 0.0 0.0 0.0 0.0 0.0 0.0 0.0 0.0 0.0 0.0
31 0 0.0 0.0 0.0 0.0 0.0 0.0 0.0 0.0 0.0 0.0
31 1 165.30142211914062 -7.801246643066406 0.016537683084607124 0.0 0.0 3.0 2.0 0.0 0.0 1.5114984512329102
31 2 100.56912994384766 -4.5 0.0 0.0 0.0 3.0 2.0 0.0 0.0 3.969431161880493
31 3 179.4570770263672 -4.5 0.0 0.0 0.0 3.0 2.0 0.0 0.0 1.6055378913879395
31 4 0.0 0.0 0.0 0.0 0.0 0.0 0.0 0.0 0.0 0.0
31 5 0.0 0.0 0.0 0.0 0.0 0.0 0.0 0.0 0.0 0.0
31 6 0.0 0.0 0.0 0.0 0.0 0.0 0.0 0.0 0.0 0.0
31 7 163.66552734375 -1.5 0.0 0.0 0.0 3.0 2.0 0.0 0.0 4.829799652099609
31 8 0.0 0.0 0.0 0.0 0.0 0.0 0.0 0.0 0.0 0.0
31 9 0.0 0.0 0.0 0.0 0.0 0.0 0.0 0.0 0.0 0.0
31 10 0.0 0.0 0.0 0.0 0.0 0.0 0.0 0.0 0.0 0.0
31 11 0.0 0.0 0.0 0.0 0.0 0.0 0.0 0.0 0.0 0.0
31 12 0.0 0.0 0.0 0.0 0.0 0.0 0.0 0.0 0.0 0.0
32 0 0.0 0.0 0.0 0.0 0.0 0.0 0.0 0.0 0.0 0.0
32 1 168.60049438476562 -7.746682643890381 0.014886683784425259 0.0 0.0 3.0 2.0 0.0 0.0 1.4991236925125122
32 2 103.95113372802734 -4.5 0.0 0.0 0.0 3.0 2.0 0.0 0.0 3.8043336868286133
32 3 182.87307739257812 -4.5 0.0 0.0 0.0 3.0 2.0 0.0 0.0 1.5785596370697021
32 4 0.0 0.0 0.0 0.0 0.0 0.0 0.0 0.0 0.0 0.0
32 5 0.0 0.0 0.0 0.0 0.0 0.0 0.0 0.0 0.0 0.0
32 6 0.0 0.0 0.0 0.0 0.0 0.0 0.0 0.0 0.0 0.0
32 7 167.08352661132812 -1.5 0.0 0.0 0.0 3.0 2.0 0.0 0.0 4.7704267501831055
32 8 0.0 0.0 0.0 0.0 0.0 0.0 0.0 0.0 0.0 0.0
32 9 0.0 0.0 0.0 0.0 0.0 0.0 0.0 0.0 0.0 0.0
32 10 0.0 0.0 0.0 0.0 0.0 0.0 0.0 0.0 0.0 0.0
32 11 0.0 0.0 0.0 0.0 0.0 0.0 0.0 0.0 0.0 0.0
32 12 0.0 0.0 0.0 0.0 0.0 0.0 0.0 0.0 0.0 0.0
33 0 0.0 0.0 0.0 0.0 0.0 0.0 0.0 0.0 0.0 0.0
33 1 171.89964294433594 -7.69756555557251 0.013235683552920818 0.0 0.0 3.0 2.0 0.0 0.0 1.4995918273925781
33 2 107.33512878417969 -4.5 0.0 0.0 0.0 3.0 2.0 0.0 0.0 3.6448585987091064
33 3 186.28907775878906 -4.5 0.0 0.0 0.0 3.0 2.0 0.0 0.0 1.547917127609253
33 4 0.0 0.0 0.0 0.0 0.0 0.0 0.0 0.0 0.0 0.0
33 5 0.0 0.0 0.0 0.0 0.0 0.0 0.0 0.0 0.0 0.0
33 6 0.0 0.0 0.0 0.0 0.0 0.0 0.0 0.0 0.0 0.0
33 7 170.50352478027344 -1.5 0.0 0.0 0.0 3.0 2.0 0.0 0.0 4.717999458312988
33 8 0.0 0.0 0.0 0.0 0.0 0.0 0.0 0.0 0.0 0.0
33 9 0.0 0.0 0.0 0.0 0.0 0.0 0.0 0.0 0.0 0.0
33 10 0.0 0.0 0.0 0.0 0.0 0.0 0.0 0.0 0.0 0.0
33 11 0.0 0.0 0.0 0.0 0.0 0.0 0.0 0.0 0.0 0.0
33 12 0.0 0.0 0.0 0.0 0.0 0.0 0.0 0.0 0.0 0.0
34 0 0.0 0.0 0.0 0.0 0.0 0.0 0.0 0.0 0.0 0.0
34 1 175.19888305664062 -7.653895378112793 0.011584184132516384 0.0 0.0 3.0 2.0 0.0 0.0 1.5046159029006958
34 2 110.71913146972656 -4.5 0.0 0.0 0.0 3.0 2.0 0.0 0.0 3.4957401752471924
34 3 189.705078125 -4.5 0.0 0.0 0.0 3.0 2.0 0.0 0.0 1.5342565774917603
34 4 0.0 0.0 0.0 0.0 0.0 0.0 0.0 0.0 0.0 0.0
34 5 0.0 0.0 0.0 0.0 0.0 0.0 0.0 0.0 0.0 0.0
34 6 0.0 0.0 0.0 0.0 0.0 0.0 0.0 0.0 0.0 0.0
34 7 173.92352294921875 -1.5 0.0 0.0 0.0 3.0 2.0 0.0 0.0 4.670581817626953
34 8 0.0 0.0 0.0 0.0 0.0 0.0 0.0 0.0 0.0 0.0
34 9 0.0 0.0 0.0 0.0 0.0 0.0 0.0 0.0 0.0 0.0
34 10 0.0 0.0 0.0 0.0 0.0 0.0 0.0 0.0 0.0 0.0
34 11 0.0 0.0 0.0 0.0 0.0 0.0 0.0 0.0 0.0 0.0
34 12 0.0 0.0 0.0 0.0 0.0 0.0 0.0 0.0 0.0 0.0
35 0 0.0 0.0 0.0 0.0 0.0 0.0 0.0 0.0 0.0 0.0
35 1 178.50018310546875 -7.615650653839111 0.009932183660566807 0.0 0.0 3.0 2.0 0.0 0.0 1.4991761445999146
35 2 114.10313415527344 -4.5 0.0 0.0 0.0 3.0 2.0 0.0 0.0 3.3424017429351807
35 3 193.12107849121094 -4.5 0.0 0.0 0.0 3.0 2.0 0.0 0.0 1.5127209424972534
35 4 0.0 0.0 0.0 0.0 0.0 0.0 0.0 0.0 0.0 0.0
35 5 0.0 0.0 0.0 0.0 0.0 0.0 0.0 0.0 0.0 0.0
35 6 0.0 0.0 0.0 0.0 0.0 0.0 0.0 0.0 0.0 0.0
35 7 177.34352111816406 -1.5 0.0 0.0 0.0 3.0 2.0 0.0 0.0 4.629611968994141
35 8 0.0 0.0 0.0 0.0 0.0 0.0 0.0 0.0 0.0 0.0
35 9 0.0 0.0 0.0 0.0 0.0 0.0 0.0 0.0 0.0 0.0
35 10 0.0 0.0 0.0 0.0 0.0 0.0 0.0 0.0 0.0 0.0
35 11 0.0 0.0 0.0 0.0 0.0 0.0 0.0 0.0 0.0 0.0
35 12 0.0 0.0 0.0 0.0 0.0 0.0 0.0 0.0 0.0 0.0
36 0 0.0 0.0 0.0 0.0 0.0 0.0 0.0 0.0 0.0 0.0
36 1 181.80154418945312 -7.582859992980957 0.008279683999717236 0.0 0.0 3.0 2.0 0.0 0.0 1.4989649057388306
36 2 117.48712921142578 -4.5 0.0 0.0 0.0 3.0 2.0 0.0 0.0 3.203679084777832
36 3 196.53707885742188 -4.5 0.0 0.0 0.0 3.0 2.0 0.0 0.0 1.5127490758895874
36 4 0.0 0.0 0.0 0.0 0.0 0.0 0.0 0.0 0.0 0.0
36 5 0.0 0.0 0.0 0.0 0.0 0.0 0.0 0.0 0.0 0.0
36 6 0.0 0.0 0.0 0.0 0.0 0.0 0.0 0.0 0.0 0.0
36 7 180.76351928710938 -1.5 0.0 0.0 0.0 3.0 2.0 0.0 0.0 4.593171119689941
36 8 0.0 0.0 0.0 0.0 0.0 0.0 0.0 0.0 0.0 0.0
36 9 0.0 0.0 0.0 0.0 0.0 0.0 0.0 0.0 0.0 0.0
36 10 0.0 0.0 0.0 0.0 0.0 0.0 0.0 0.0 0.0 0.0
36 11 0.0 0.0 0.0 0.0 0.0 0.0 0.0 0.0 0.0 0.0
36 12 0.0 0.0 0.0 0.0 0.0 0.0 0.0 0.0 0.0 0.0
37 0 0.0 0.0 0.0 0.0 0.0 0.0 0.0 0.0 0.0 0.0
37 1 185.10494995117188 -7.555508136749268 0.0066266837529838085 0.0 0.0 3.0 2.0 0.0 0.0 1.5002585649490356
37 2 120.87313079833984 -4.5 0.0 0.0 0.0 3.0 2.0 0.0 0.0 3.0644428730010986
37 3 199.955078125 -4.5 0.0 0.0 0.0 3.0 2.0 0.0 0.0 1.5000450611114502
37 4 0.0 0.0 0.0 0.0 0.0 0.0 0.0 0.0 0.0 0.0
37 5 0.0 0.0 0.0 0.0 0.0 0.0 0.0 0.0 0.0 0.0
37 6 0.0 0.0 0.0 0.0 0.0 0.0 0.0 0.0 0.0 0.0
37 7 184.1815185546875 -1.5 0.0 0.0 0.0 3.0 2.0 0.0 0.0 4.563723087310791
37 8 0.0 0.0 0.0 0.0 0.0 0.0 0.0 0.0 0.0 0.0
37 9 0.0 0.0 0.0 0.0 0.0 0.0 0.0 0.0 0.0 0.0
37 10 0.0 0.0 0.0 0.0 0.0 0.0 0.0 0.0 0.0 0.0
37 11 0.0 0.0 0.0 0.0 0.0 0.0 0.0 0.0 0.0 0.0
37 12 0.0 0.0 0.0 0.0 0.0 0.0 0.0 0.0 0.0 0.0
38 0 0.0 0.0 0.0 0.0 0.0 0.0 0.0 0.0 0.0 0.0
38 1 188.4084014892578 -7.53361701965332 0.004973683971911669 0.0 0.0 3.0 2.0 0.0 0.0 1.5116968154907227
38 2 124.2611312866211 -4.5 0.0 0.0 0.0 3.0 2.0 0.0 0.0 2.9349465370178223
38 3 203.3670654296875 -4.5 0.0 0.0 0.0 3.0 2.0 0.0 0.0 3.6860766410827637
38 4 0.0 0.0 0.0 0.0 0.0 0.0 0.0 0.0 0.0 0.0
38 5 0.0 0.0 0.0 0.0 0.0 0.0 0.0 0.0 0.0 0.0
38 6 0.0 0.0 0.0 0.0 0.0 0.0 0.0 0.0 0.0 0.0
38 7 187.6015167236328 -1.5 0.0 0.0 0.0 3.0 2.0 0.0 0.0 4.538465976715088
38 8 0.0 0.0 0.0 0.0 0.0 0.0 0.0 0.0 0.0 0.0
38 9 0.0 0.0 0.0 0.0 0.0 0.0 0.0 0.0 0.0 0.0
38 10 0.0 0.0 0.0 0.0 0.0 0.0 0.0 0.0 0.0 0.0
38 11 0.0 0.0 0.0 0.0 0.0 0.0 0.0 0.0 0.0 0.0
38 12 0.0 0.0 0.0 0.0 0.0 0.0 0.0 0.0 0.0 0.0
39 0 0.0 0.0 0.0 0.0 0.0 0.0 0.0 0.0 0.0 0.0
39 1 191.71188354492188 -7.517186164855957 0.0033196837175637484 0.0 0.0 3.0 2.0 0.0 0.0 1.4998695850372314
39 2 127.64913177490234 -4.5 0.0 0.0 0.0 3.0 2.0 0.0 0.0 2.8081204891204834
39 3 206.77706909179688 -4.5 0.0 0.0 0.0 3.0 2.0 0.0 0.0 6.941086292266846
39 4 0.0 0.0 0.0 0.0 0.0 0.0 0.0 0.0 0.0 0.0
39 5 0.0 0.0 0.0 0.0 0.0 0.0 0.0 0.0 0.0 0.0
39 6 0.0 0.0 0.0 0.0 0.0 0.0 0.0 0.0 0.0 0.0
39 7 191.01951599121094 -1.5 0.0 0.0 0.0 3.0 2.0 0.0 0.0 4.522178649902344
39 8 0.0 0.0 0.0 0.0 0.0 0.0 0.0 0.0 0.0 0.0
39 9 0.0 0.0 0.0 0.0 0.0 0.0 0.0 0.0 0.0 0.0
39 10 0.0 0.0 0.0 0.0 0.0 0.0 0.0 0.0 0.0 0.0
39 11 0.0 0.0 0.0 0.0 0.0 0.0 0.0 0.0 0.0 0.0
39 12 0.0 0.0 0.0 0.0 0.0 0.0 0.0 0.0 0.0 0.0
40 0 0.0 0.0 0.0 0.0 0.0 0.0 0.0 0.0 0.0 0.0
40 1 195.01937866210938 -7.506206512451172 0.0016646836884319782 0.0 0.0 3.0 2.0 0.0 0.0 1.4992865324020386
40 2 131.03712463378906 -4.5 0.0 0.0 0.0 3.0 2.0 0.0 0.0 2.6886086463928223
40 3 210.18707275390625 -4.5 0.0 0.0 0.0 3.0 2.0 0.0 0.0 10.29691219329834
40 4 0.0 0.0 0.0 0.0 0.0 0.0 0.0 0.0 0.0 0.0
40 5 0.0 0.0 0.0 0.0 0.0 0.0 0.0 0.0 0.0 0.0
40 6 0.0 0.0 0.0 0.0 0.0 0.0 0.0 0.0 0.0 0.0
40 7 194.43951416015625 -1.5 0.0 0.0 0.0 3.0 2.0 0.0 0.0 4.508670806884766
40 8 0.0 0.0 0.0 0.0 0.0 0.0 0.0 0.0 0.0 0.0
40 9 0.0 0.0 0.0 0.0 0.0 0.0 0.0 0.0 0.0 0.0
40 10 0.0 0.0 0.0 0.0 0.0 0.0 0.0 0.0 0.0 0.0
40 11 0.0 0.0 0.0 0.0 0.0 0.0 0.0 0.0 0.0 0.0
40 12 0.0 0.0 0.0 0.0 0.0 0.0 0.0 0.0 0.0 0.0
41 0 0.0 0.0 0.0 0.0 0.0 0.0 0.0 0.0 0.0 0.0
41 1 198.32688903808594 -7.5007004737854 0.00021166668739169836 0.0 0.0 3.0 2.0 0.0 0.0 1.5054620504379272
41 2 134.4251251220703 -4.5 0.0 0.0 0.0 3.0 2.0 0.0 0.0 2.5741117000579834
41 3 213.59707641601562 -4.5 0.0 0.0 0.0 3.0 2.0 0.0 0.0 13.67956829071045
41 4 0.0 0.0 0.0 0.0 0.0 0.0 0.0 0.0 0.0 0.0
41 5 0.0 0.0 0.0 0.0 0.0 0.0 0.0 0.0 0.0 0.0
41 6 0.0 0.0 0.0 0.0 0.0 0.0 0.0 0.0 0.0 0.0
41 7 197.863525390625 -1.5 0.0 0.0 0.0 3.0 2.0 0.0 0.0 4.504222393035889
41 8 0.0 0.0 0.0 0.0 0.0 0.0 0.0 0.0 0.0 0.0
41 9 0.0 0.0 0.0 0.0 0.0 0.0 0.0 0.0 0.0 0.0
41 10 0.0 0.0 0.0 0.0 0.0 0.0 0.0 0.0 0.0 0.0
41 11 0.0 0.0 0.0 0.0 0.0 0.0 0.0 0.0 0.0 0.0
41 12 0.0 0.0 0.0 0.0 0.0 0.0 0.0 0.0 0.0 0.0
42 0 0.0 0.0 0.0 0.0 0.0 0.0 0.0 0.0 0.0 0.0
42 1 201.63563537597656 -7.5 0.0 0.0 0.0 3.0 2.0 0.0 0.0 2.2193057537078857
42 2 137.81112670898438 -4.5 0.0 0.0 0.0 3.0 2.0 0.0 0.0 2.4666433334350586
42 3 217.00506591796875 -4.5 0.0 0.0 0.0 3.0 2.0 0.0 0.0 17.07109832763672
42 4 0.0 0.0 0.0 0.0 0.0 0.0 0.0 0.0 0.0 0.0
42 5 0.0 0.0 0.0 0.0 0.0 0.0 0.0 0.0 0.0 0.0
42 6 0.0 0.0 0.0 0.0 0.0 0.0 0.0 0.0 0.0 0.0
42 7 201.28952026367188 -1.5 0.0 0.0 0.0 3.0 2.0 0.0 0.0 4.681117534637451
42 8 0.0 0.0 0.0 0.0 0.0 0.0 0.0 0.0 0.0 0.0
42 9 0.0 0.0 0.0 0.0 0.0 0.0 0.0 0.0 0.0 0.0
42 10 0.0 0.0 0.0 0.0 0.0 0.0 0.0 0.0 0.0 0.0
42 11 0.0 0.0 0.0 0.0 0.0 0.0 0.0 0.0 0.0 0.0
42 12 0.0 0.0 0.0 0.0 0.0 0.0 0.0 0.0 0.0 0.0
43 0 0.0 0.0 0.0 0.0 0.0 0.0 0.0 0.0 0.0 0.0
43 1 204.9456329345703 -7.5 0.0 0.0 0.0 3.0 2.0 0.0 0.0 5.168099880218506
43 2 141.2011260986328 -4.5 0.0 0.0 0.0 3.0 2.0 0.0 0.0 2.3746538162231445
43 3 220.41307067871094 -4.5 0.0 0.0 0.0 3.0 2.0 0.0 0.0 20.468107223510742
43 4 0.0 0.0 0.0 0.0 0.0 0.0 0.0 0.0 0.0 0.0
43 5 0.0 0.0 0.0 0.0 0.0 0.0 0.0 0.0 0.0 0.0
43 6 0.0 0.0 0.0 0.0 0.0 0.0 0.0 0.0 0.0 0.0
43 7 204.71151733398438 -1.5 0.0 0.0 0.0 3.0 2.0 0.0 0.0 6.51524543762207
43 8 0.0 0.0 0.0 0.0 0.0 0.0 0.0 0.0 0.0 0.0
43 9 0.0 0.0 0.0 0.0 0.0 0.0 0.0 0.0 0.0 0.0
43 10 0.0 0.0 0.0 0.0 0.0 0.0 0.0 0.0 0.0 0.0
43 11 0.0 0.0 0.0 0.0 0.0 0.0 0.0 0.0 0.0 0.0
43 12 0.0 0.0 0.0 0.0 0.0 0.0 0.0 0.0 0.0 0.0
44 0 0.0 0.0 0.0 0.0 0.0 0.0 0.0 0.0 0.0 0.0
44 1 208.25762939453125 -7.5 0.0 0.0 0.0 3.0 2.0 0.0 0.0 8.392762184143066
44 2 144.59312438964844 -4.5 0.0 0.0 0.0 3.0 2.0 0.0 0.0 2.2677841186523438
44 3 223.81907653808594 -4.5 0.0 0.0 0.0 3.0 2.0 0.0 0.0 23.86626434326172
44 4 0.0 0.0 0.0 0.0 0.0 0.0 0.0 0.0 0.0 0.0
44 5 0.0 0.0 0.0 0.0 0.0 0.0 0.0 0.0 0.0 0.0
44 6 0.0 0.0 0.0 0.0 0.0 0.0 0.0 0.0 0.0 0.0
44 7 208.1295166015625 -1.5 0.0 0.0 0.0 3.0 2.0 0.0 0.0 9.29188346862793
44 8 0.0 0.0 0.0 0.0 0.0 0.0 0.0 0.0 0.0 0.0
44 9 0.0 0.0 0.0 0.0 0.0 0.0 0.0 0.0 0.0 0.0
44 10 0.0 0.0 0.0 0.0 0.0 0.0 0.0 0.0 0.0 0.0
44 11 0.0 0.0 0.0 0.0 0.0 0.0 0.0 0.0 0.0 0.0
44 12 0.0 0.0 0.0 0.0 0.0 0.0 0.0 0.0 0.0 0.0
45 0 0.0 0.0 0.0 0.0 0.0 0.0 0.0 0.0 0.0 0.0
45 1 211.5696258544922 -7.5 0.0 0.0 0.0 3.0 2.0 0.0 0.0 11.666461944580078
45 2 147.98513793945312 -4.5 0.0 0.0 0.0 3.0 2.0 0.0 0.0 2.1847729682922363
45 3 227.2230682373047 -4.5 0.0 0.0 0.0 3.0 2.0 0.0 0.0 27.26436424255371
45 4 0.0 0.0 0.0 0.0 0.0 0.0 0.0 0.0 0.0 0.0
45 5 0.0 0.0 0.0 0.0 0.0 0.0 0.0 0.0 0.0 0.0
45 6 0.0 0.0 0.0 0.0 0.0 0.0 0.0 0.0 0.0 0.0
45 7 211.54751586914062 -1.5 0.0 0.0 0.0 3.0 2.0 0.0 0.0 12.393353462219238
45 8 0.0 0.0 0.0 0.0 0.0 0.0 0.0 0.0 0.0 0.0
45 9 0.0 0.0 0.0 0.0 0.0 0.0 0.0 0.0 0.0 0.0
45 10 0.0 0.0 0.0 0.0 0.0 0.0 0.0 0.0 0.0 0.0
45 11 0.0 0.0 0.0 0.0 0.0 0.0 0.0 0.0 0.0 0.0
45 12 0.0 0.0 0.0 0.0 0.0 0.0 0.0 0.0 0.0 0.0
46 0 0.0 0.0 0.0 0.0 0.0 0.0 0.0 0.0 0.0 0.0
46 1 214.88563537597656 -7.5 0.0 0.0 0.0 3.0 2.0 0.0 0.0 14.96102523803711
46 2 151.37913513183594 -4.5 0.0 0.0 0.0 3.0 2.0 0.0 0.0 2.0908384323120117
46 3 230.64707946777344 -4.5 0.0 0.0 0.0 3.0 2.0 0.0 0.0 30.683765411376953
46 4 0.0 0.0 0.0 0.0 0.0 0.0 0.0 0.0 0.0 0.0
46 5 0.0 0.0 0.0 0.0 0.0 0.0 0.0 0.0 0.0 0.0
46 6 0.0 0.0 0.0 0.0 0.0 0.0 0.0 0.0 0.0 0.0
46 7 214.96751403808594 -1.5 0.0 0.0 0.0 3.0 2.0 0.0 0.0 15.629343032836914
46 8 0.0 0.0 0.0 0.0 0.0 0.0 0.0 0.0 0.0 0.0
46 9 0.0 0.0 0.0 0.0 0.0 0.0 0.0 0.0 0.0 0.0
46 10 0.0 0.0 0.0 0.0 0.0 0.0 0.0 0.0 0.0 0.0
46 11 0.0 0.0 0.0 0.0 0.0 0.0 0.0 0.0 0.0 0.0
46 12 0.0 0.0 0.0 0.0 0.0 0.0 0.0 0.0 0.0 0.0
47 0 0.0 0.0 0.0 0.0 0.0 0.0 0.0 0.0 0.0 0.0
47 1 218.1996307373047 -7.5 0.0 0.0 0.0 3.0 2.0 0.0 0.0 18.26133918762207
47 2 154.77113342285156 -4.5 0.0 0.0 0.0 3.0 2.0 0.0 0.0 2.0180726051330566
47 3 234.07107543945312 -4.5 0.0 0.0 0.0 3.0 2.0 0.0 0.0 34.10408401489258
47 4 0.0 0.0 0.0 0.0 0.0 0.0 0.0 0.0 0.0 0.0
47 5 0.0 0.0 0.0 0.0 0.0 0.0 0.0 0.0 0.0 0.0
47 6 0.0 0.0 0.0 0.0 0.0 0.0 0.0 0.0 0.0 0.0
47 7 218.38551330566406 -1.5 0.0 0.0 0.0 3.0 2.0 0.0 0.0 18.928205490112305
47 8 0.0 0.0 0.0 0.0 0.0 0.0 0.0 0.0 0.0 0.0
47 9 0.0 0.0 0.0 0.0 0.0 0.0 0.0 0.0 0.0 0.0
47 10 0.0 0.0 0.0 0.0 0.0 0.0 0.0 0.0 0.0 0.0
47 11 0.0 0.0 0.0 0.0 0.0 0.0 0.0 0.0 0.0 0.0
47 12 0.0 0.0 0.0 0.0 0.0 0.0 0.0 0.0 0.0 0.0
48 0 0.0 0.0 0.0 0.0 0.0 0.0 0.0 0.0 0.0 0.0
48 1 221.515625 -7.5 0.0 0.0 0.0 3.0 2.0 0.0 0.0 21.56784439086914
48 2 158.1591339111328 -4.5 0.0 0.0 0.0 3.0 2.0 0.0 0.0 1.9380521774291992
48 3 237.49307250976562 -4.5 0.0 0.0 0.0 3.0 2.0 0.0 0.0 37.52306365966797
48 4 0.0 0.0 0.0 0.0 0.0 0.0 0.0 0.0 0.0 0.0
48 5 0.0 0.0 0.0 0.0 0.0 0.0 0.0 0.0 0.0 0.0
48 6 0.0 0.0 0.0 0.0 0.0 0.0 0.0 0.0 0.0 0.0
48 7 221.79751586914062 -1.5 0.0 0.0 0.0 3.0 2.0 0.0 0.0 22.25717544555664
48 8 0.0 0.0 0.0 0.0 0.0 0.0 0.0 0.0 0.0 0.0
48 9 0.0 0.0 0.0 0.0 0.0 0.0 0.0 0.0 0.0 0.0
48 10 0.0 0.0 0.0 0.0 0.0 0.0 0.0 0.0 0.0 0.0
48 11 0.0 0.0 0.0 0.0 0.0 0.0 0.0 0.0 0.0 0.0
48 12 0.0 0.0 0.0 0.0 0.0 0.0 0.0 0.0 0.0 0.0
49 0 0.0 0.0 0.0 0.0 0.0 0.0 0.0 0.0 0.0 0.0
49 1 224.83163452148438 -7.5 0.0 0.0 0.0 3.0 2.0 0.0 0.0 24.876893997192383
49 2 161.54713439941406 -4.5 0.0 0.0 0.0 3.0 2.0 0.0 0.0 1.8748500347137451
49 3 240.91506958007812 -4.5 0.0 0.0 0.0 3.0 2.0 0.0 0.0 40.94255828857422
49 4 0.0 0.0 0.0 0.0 0.0 0.0 0.0 0.0 0.0 0.0
49 5 0.0 0.0 0.0 0.0 0.0 0.0 0.0 0.0 0.0 0.0
49 6 0.0 0.0 0.0 0.0 0.0 0.0 0.0 0.0 0.0 0.0
49 7 225.20751953125 -1.5 0.0 0.0 0.0 3.0 2.0 0.0 0.0 25.606035232543945
49 8 0.0 0.0 0.0 0.0 0.0 0.0 0.0 0.0 0.0 0.0
49 9 0.0 0.0 0.0 0.0 0.0 0.0 0.0 0.0 0.0 0.0
49 10 0.0 0.0 0.0 0.0 0.0 0.0 0.0 0.0 0.0 0.0
49 11 0.0 0.0 0.0 0.0 0.0 0.0 0.0 0.0 0.0 0.0
49 12 0.0 0.0 0.0 0.0 0.0 0.0 0.0 0.0 0.0 0.0
50 0 0.0 0.0 0.0 0.0 0.0 0.0 0.0 0.0 0.0 0.0
50 1 228.15162658691406 -7.5 0.0 0.0 0.0 3.0 2.0 0.0 0.0 28.191564559936523
50 2 164.9371337890625 -4.5 0.0 0.0 0.0 3.0 2.0 0.0 0.0 1.8081097602844238
50 3 244.33306884765625 -4.5 0.0 0.0 0.0 3.0 2.0 0.0 0.0 44.35844039916992
50 4 0.0 0.0 0.0 0.0 0.0 0.0 0.0 0.0 0.0 0.0
50 5 0.0 0.0 0.0 0.0 0.0 0.0 0.0 0.0 0.0 0.0
50 6 0.0 0.0 0.0 0.0 0.0 0.0 0.0 0.0 0.0 0.0
50 7 228.6115264892578 -1.5 0.0 0.0 0.0 3.0 2.0 0.0 0.0 28.963247299194336
50 8 0.0 0.0 0.0 0.0 0.0 0.0 0.0 0.0 0.0 0.0
50 9 0.0 0.0 0.0 0.0 0.0 0.0 0.0 0.0 0.0 0.0
50 10 0.0 0.0 0.0 0.0 0.0 0.0 0.0 0.0 0.0 0.0
50 11 0.0 0.0 0.0 0.0 0.0 0.0 0.0 0.0 0.0 0.0
50 12 0.0 0.0 0.0 0.0 0.0 0.0 0.0 0.0 0.0 0.0
51 0 0.0 0.0 0.0 0.0 0.0 0.0 0.0 0.0 0.0 0.0
51 1 231.4716339111328 -7.5 0.0 0.0 0.0 3.0 2.0 0.0 0.0 31.507356643676758
51 2 168.32713317871094 -4.5 0.0 0.0 0.0 3.0 2.0 0.0 0.0 1.7541378736495972
51 3 247.7490692138672 -4.5 0.0 0.0 0.0 3.0 2.0 0.0 0.0 47.77262496948242
51 4 0.0 0.0 0.0 0.0 0.0 0.0 0.0 0.0 0.0 0.0
51 5 0.0 0.0 0.0 0.0 0.0 0.0 0.0 0.0 0.0 0.0
51 6 0.0 0.0 0.0 0.0 0.0 0.0 0.0 0.0 0.0 0.0
51 7 232.01551818847656 -1.5 0.0 0.0 0.0 3.0 2.0 0.0 0.0 32.33022689819336
51 8 0.0 0.0 0.0 0.0 0.0 0.0 0.0 0.0 0.0 0.0
51 9 0.0 0.0 0.0 0.0 0.0 0.0 0.0 0.0 0.0 0.0
51 10 0.0 0.0 0.0 0.0 0.0 0.0 0.0 0.0 0.0 0.0
51 11 0.0 0.0 0.0 0.0 0.0 0.0 0.0 0.0 0.0 0.0
51 12 0.0 0.0 0.0 0.0 0.0 0.0 0.0 0.0 0.0 0.0
52 0 0.0 0.0 0.0 0.0 0.0 0.0 0.0 0.0 0.0 0.0
52 1 234.7916259765625 -7.5 0.0 0.0 0.0 3.0 2.0 0.0 0.0 34.823951721191406
52 2 171.71713256835938 -4.5 0.0 0.0 0.0 3.0 2.0 0.0 0.0 1.7001134157180786
52 3 0.0 0.0 0.0 0.0 0.0 0.0 0.0 0.0 0.0 0.0
52 4 0.0 0.0 0.0 0.0 0.0 0.0 0.0 0.0 0.0 0.0
52 5 0.0 0.0 0.0 0.0 0.0 0.0 0.0 0.0 0.0 0.0
52 6 0.0 0.0 0.0 0.0 0.0 0.0 0.0 0.0 0.0 0.0
52 7 235.42152404785156 -1.5 0.0 0.0 0.0 3.0 2.0 0.0 0.0 35.70621871948242
52 8 0.0 0.0 0.0 0.0 0.0 0.0 0.0 0.0 0.0 0.0
52 9 0.0 0.0 0.0 0.0 0.0 0.0 0.0 0.0 0.0 0.0
52 10 0.0 0.0 0.0 0.0 0.0 0.0 0.0 0.0 0.0 0.0
52 11 0.0 0.0 0.0 0.0 0.0 0.0 0.0 0.0 0.0 0.0
52 12 0.0 0.0 0.0 0.0 0.0 0.0 0.0 0.0 0.0 0.0
53 0 0.0 0.0 0.0 0.0 0.0 0.0 0.0 0.0 0.0 0.0
53 1 238.11563110351562 -7.5 0.0 0.0 0.0 3.0 2.0 0.0 0.0 38.14513397216797
53 2 175.109130859375 -4.5 0.0 0.0 0.0 3.0 2.0 0.0 0.0 1.6567611694335938
53 3 0.0 0.0 0.0 0.0 0.0 0.0 0.0 0.0 0.0 0.0
53 4 0.0 0.0 0.0 0.0 0.0 0.0 0.0 0.0 0.0 0.0
53 5 0.0 0.0 0.0 0.0 0.0 0.0 0.0 0.0 0.0 0.0
53 6 0.0 0.0 0.0 0.0 0.0 0.0 0.0 0.0 0.0 0.0
53 7 238.8255157470703 -1.5 0.0 0.0 0.0 3.0 2.0 0.0 0.0 39.08543395996094
53 8 0.0 0.0 0.0 0.0 0.0 0.0 0.0 0.0 0.0 0.0
53 9 0.0 0.0 0.0 0.0 0.0 0.0 0.0 0.0 0.0 0.0
53 10 0.0 0.0 0.0 0.0 0.0 0.0 0.0 0.0 0.0 0.0
53 11 0.0 0.0 0.0 0.0 0.0 0.0 0.0 0.0 0.0 0.0
53 12 0.0 0.0 0.0 0.0 0.0 0.0 0.0 0.0 0.0 0.0
54 0 0.0 0.0 0.0 0.0 0.0 0.0 0.0 0.0 0.0 0.0
54 1 241.45962524414062 -7.5 0.0 0.0 0.0 3.0 2.0 0.0 0.0 41.48675537109375
54 2 178.505126953125 -4.5 0.0 0.0 0.0 3.0 2.0 0.0 0.0 1.6162227392196655
54 3 0.0 0.0 0.0 0.0 0.0 0.0 0.0 0.0 0.0 0.0
54 4 0.0 0.0 0.0 0.0 0.0 0.0 0.0 0.0 0.0 0.0
54 5 0.0 0.0 0.0 0.0 0.0 0.0 0.0 0.0 0.0 0.0
54 6 0.0 0.0 0.0 0.0 0.0 0.0 0.0 0.0 0.0 0.0
54 7 242.2315216064453 -1.5 0.0 0.0 0.0 3.0 2.0 0.0 0.0 42.4705924987793
54 8 0.0 0.0 0.0 0.0 0.0 0.0 0.0 0.0 0.0 0.0
54 9 0.0 0.0 0.0 0.0 0.0 0.0 0.0 0.0 0.0 0.0
54 10 0.0 0.0 0.0 0.0 0.0 0.0 0.0 0.0 0.0 0.0
54 11 0.0 0.0 0.0 0.0 0.0 0.0 0.0 0.0 0.0 0.0
54 12 0.0 0.0 0.0 0.0 0.0 0.0 0.0 0.0 0.0 0.0
55 0 0.0 0.0 0.0 0.0 0.0 0.0 0.0 0.0 0.0 0.0
55 1 244.82363891601562 -7.5 0.0 0.0 0.0 3.0 2.0 0.0 0.0 44.848731994628906
55 2 181.89712524414062 -4.5 0.0 0.0 0.0 3.0 2.0 0.0 0.0 1.5837411880493164
55 3 0.0 0.0 0.0 0.0 0.0 0.0 0.0 0.0 0.0 0.0
55 4 0.0 0.0 0.0 0.0 0.0 0.0 0.0 0.0 0.0 0.0
55 5 0.0 0.0 0.0 0.0 0.0 0.0 0.0 0.0 0.0 0.0
55 6 0.0 0.0 0.0 0.0 0.0 0.0 0.0 0.0 0.0 0.0
55 7 245.63551330566406 -1.5 0.0 0.0 0.0 3.0 2.0 0.0 0.0 45.85683822631836
55 8 0.0 0.0 0.0 0.0 0.0 0.0 0.0 0.0 0.0 0.0
55 9 0.0 0.0 0.0 0.0 0.0 0.0 0.0 0.0 0.0 0.0
55 10 0.0 0.0 0.0 0.0 0.0 0.0 0.0 0.0 0.0 0.0
55 11 0.0 0.0 0.0 0.0 0.0 0.0 0.0 0.0 0.0 0.0
55 12 0.0 0.0 0.0 0.0 0.0 0.0 0.0 0.0 0.0 0.0
56 0 0.0 0.0 0.0 0.0 0.0 0.0 0.0 0.0 0.0 0.0
56 1 248.20762634277344 -7.5 0.0 0.0 0.0 3.0 2.0 0.0 0.0 48.230960845947266
56 2 185.2931365966797 -4.5 0.0 0.0 0.0 3.0 2.0 0.0 0.0 1.5550309419631958
56 3 0.0 0.0 0.0 0.0 0.0 0.0 0.0 0.0 0.0 0.0
56 4 0.0 0.0 0.0 0.0 0.0 0.0 0.0 0.0 0.0 0.0
56 5 0.0 0.0 0.0 0.0 0.0 0.0 0.0 0.0 0.0 0.0
56 6 0.0 0.0 0.0 0.0 0.0 0.0 0.0 0.0 0.0 0.0
56 7 249.0335235595703 -1.5 0.0 0.0 0.0 3.0 2.0 0.0 0.0 49.23957824707031
56 8 0.0 0.0 0.0 0.0 0.0 0.0 0.0 0.0 0.0 0.0
56 9 0.0 0.0 0.0 0.0 0.0 0.0 0.0 0.0 0.0 0.0
56 10 0.0 0.0 0.0 0.0 0.0 0.0 0.0 0.0 0.0 0.0
56 11 0.0 0.0 0.0 0.0 0.0 0.0 0.0 0.0 0.0 0.0
56 12 0.0 0.0 0.0 0.0 0.0 0.0 0.0 0.0 0.0 0.0
57 0 0.0 0.0 0.0 0.0 0.0 0.0 0.0 0.0 0.0 0.0
57 1 0.0 0.0 0.0 0.0 0.0 0.0 0.0 0.0 0.0 0.0
57 2 188.69113159179688 -4.5 0.0 0.0 0.0 3.0 2.0 0.0 0.0 1.5331296920776367
57 3 0.0 0.0 0.0 0.0 0.0 0.0 0.0 0.0 0.0 0.0
57 4 0.0 0.0 0.0 0.0 0.0 0.0 0.0 0.0 0.0 0.0
57 5 0.0 0.0 0.0 0.0 0.0 0.0 0.0 0.0 0.0 0.0
57 6 0.0 0.0 0.0 0.0 0.0 0.0 0.0 0.0 0.0 0.0
57 7 0.0 0.0 0.0 0.0 0.0 0.0 0.0 0.0 0.0 0.0
57 8 0.0 0.0 0.0 0.0 0.0 0.0 0.0 0.0 0.0 0.0
57 9 0.0 0.0 0.0 0.0 0.0 0.0 0.0 0.0 0.0 0.0
57 10 0.0 0.0 0.0 0.0 0.0 0.0 0.0 0.0 0.0 0.0
57 11 0.0 0.0 0.0 0.0 0.0 0.0 0.0 0.0 0.0 0.0
57 12 0.0 0.0 0.0 0.0 0.0 0.0 0.0 0.0 0.0 0.0
58 0 0.0 0.0 0.0 0.0 0.0 0.0 0.0 0.0 0.0 0.0
58 1 0.0 0.0 0.0 0.0 0.0 0.0 0.0 0.0 0.0 0.0
58 2 192.09112548828125 -4.5 0.0 0.0 0.0 3.0 2.0 0.0 0.0 1.515873908996582
58 3 0.0 0.0 0.0 0.0 0.0 0.0 0.0 0.0 0.0 0.0
58 4 0.0 0.0 0.0 0.0 0.0 0.0 0.0 0.0 0.0 0.0
58 5 0.0 0.0 0.0 0.0 0.0 0.0 0.0 0.0 0.0 0.0
58 6 0.0 0.0 0.0 0.0 0.0 0.0 0.0 0.0 0.0 0.0
58 7 0.0 0.0 0.0 0.0 0.0 0.0 0.0 0.0 0.0 0.0
58 8 0.0 0.0 0.0 0.0 0.0 0.0 0.0 0.0 0.0 0.0
58 9 0.0 0.0 0.0 0.0 0.0 0.0 0.0 0.0 0.0 0.0
58 10 0.0 0.0 0.0 0.0 0.0 0.0 0.0 0.0 0.0 0.0
58 11 0.0 0.0 0.0 0.0 0.0 0.0 0.0 0.0 0.0 0.0
58 12 0.0 0.0 0.0 0.0 0.0 0.0 0.0 0.0 0.0 0.0
59 0 0.0 0.0 0.0 0.0 0.0 0.0 0.0 0.0 0.0 0.0
59 1 0.0 0.0 0.0 0.0 0.0 0.0 0.0 0.0 0.0 0.0
59 2 195.4911346435547 -4.5 0.0 0.0 0.0 3.0 2.0 0.0 0.0 1.5057824850082397
59 3 0.0 0.0 0.0 0.0 0.0 0.0 0.0 0.0 0.0 0.0
59 4 0.0 0.0 0.0 0.0 0.0 0.0 0.0 0.0 0.0 0.0
59 5 0.0 0.0 0.0 0.0 0.0 0.0 0.0 0.0 0.0 0.0
59 6 0.0 0.0 0.0 0.0 0.0 0.0 0.0 0.0 0.0 0.0
59 7 0.0 0.0 0.0 0.0 0.0 0.0 0.0 0.0 0.0 0.0
59 8 0.0 0.0 0.0 0.0 0.0 0.0 0.0 0.0 0.0 0.0
59 9 0.0 0.0 0.0 0.0 0.0 0.0 0.0 0.0 0.0 0.0
59 10 0.0 0.0 0.0 0.0 0.0 0.0 0.0 0.0 0.0 0.0
59 11 0.0 0.0 0.0 0.0 0.0 0.0 0.0 0.0 0.0 0.0
59 12 0.0 0.0 0.0 0.0 0.0 0.0 0.0 0.0 0.0 0.0
60 0 0.0 0.0 0.0 0.0 0.0 0.0 0.0 0.0 0.0 0.0
60 1 0.0 0.0 0.0 0.0 0.0 0.0 0.0 0.0 0.0 0.0
60 2 198.89112854003906 -4.5 0.0 0.0 0.0 3.0 2.0 0.0 0.0 1.5011307001113892
60 3 0.0 0.0 0.0 0.0 0.0 0.0 0.0 0.0 0.0 0.0
60 4 0.0 0.0 0.0 0.0 0.0 0.0 0.0 0.0 0.0 0.0
60 5 0.0 0.0 0.0 0.0 0.0 0.0 0.0 0.0 0.0 0.0
60 6 0.0 0.0 0.0 0.0 0.0 0.0 0.0 0.0 0.0 0.0
60 7 0.0 0.0 0.0 0.0 0.0 0.0 0.0 0.0 0.0 0.0
60 8 0.0 0.0 0.0 0.0 0.0 0.0 0.0 0.0 0.0 0.0
60 9 0.0 0.0 0.0 0.0 0.0 0.0 0.0 0.0 0.0 0.0
60 10 0.0 0.0 0.0 0.0 0.0 0.0 0.0 0.0 0.0 0.0
60 11 0.0 0.0 0.0 0.0 0.0 0.0 0.0 0.0 0.0 0.0
60 12 0.0 0.0 0.0 0.0 0.0 0.0 0.0 0.0 0.0 0.0
61 0 0.0 0.0 0.0 0.0 0.0 0.0 0.0 0.0 0.0 0.0
61 1 0.0 0.0 0.0 0.0 0.0 0.0 0.0 0.0 0.0 0.0
61 2 202.2911376953125 -4.5 0.0 0.0 0.0 3.0 2.0 0.0 0.0 2.7384891510009766
61 3 0.0 0.0 0.0 0.0 0.0 0.0 0.0 0.0 0.0 0.0
61 4 0.0 0.0 0.0 0.0 0.0 0.0 0.0 0.0 0.0 0.0
61 5 0.0 0.0 0.0 0.0 0.0 0.0 0.0 0.0 0.0 0.0
61 6 0.0 0.0 0.0 0.0 0.0 0.0 0.0 0.0 0.0 0.0
61 7 0.0 0.0 0.0 0.0 0.0 0.0 0.0 0.0 0.0 0.0
61 8 0.0 0.0 0.0 0.0 0.0 0.0 0.0 0.0 0.0 0.0
61 9 0.0 0.0 0.0 0.0 0.0 0.0 0.0 0.0 0.0 0.0
61 10 0.0 0.0 0.0 0.0 0.0 0.0 0.0 0.0 0.0 0.0
61 11 0.0 0.0 0.0 0.0 0.0 0.0 0.0 0.0 0.0 0.0
61 12 0.0 0.0 0.0 0.0 0.0 0.0 0.0 0.0 0.0 0.0
62 0 0.0 0.0 0.0 0.0 0.0 0.0 0.0 0.0 0.0 0.0
62 1 0.0 0.0 0.0 0.0 0.0 0.0 0.0 0.0 0.0 0.0
62 2 205.69313049316406 -4.5 0.0 0.0 0.0 3.0 2.0 0.0 0.0 5.887421131134033
62 3 0.0 0.0 0.0 0.0 0.0 0.0 0.0 0.0 0.0 0.0
62 4 0.0 0.0 0.0 0.0 0.0 0.0 0.0 0.0 0.0 0.0
62 5 0.0 0.0 0.0 0.0 0.0 0.0 0.0 0.0 0.0 0.0
62 6 0.0 0.0 0.0 0.0 0.0 0.0 0.0 0.0 0.0 0.0
62 7 0.0 0.0 0.0 0.0 0.0 0.0 0.0 0.0 0.0 0.0
62 8 0.0 0.0 0.0 0.0 0.0 0.0 0.0 0.0 0.0 0.0
62 9 0.0 0.0 0.0 0.0 0.0 0.0 0.0 0.0 0.0 0.0
62 10 0.0 0.0 0.0 0.0 0.0 0.0 0.0 0.0 0.0 0.0
62 11 0.0 0.0 0.0 0.0 0.0 0.0 0.0 0.0 0.0 0.0
62 12 0.0 0.0 0.0 0.0 0.0 0.0 0.0 0.0 0.0 0.0
63 0 0.0 0.0 0.0 0.0 0.0 0.0 0.0 0.0 0.0 0.0
63 1 0.0 0.0 0.0 0.0 0.0 0.0 0.0 0.0 0.0 0.0
63 2 209.09713745117188 -4.5 0.0 0.0 0.0 3.0 2.0 0.0 0.0 9.219975471496582
63 3 0.0 0.0 0.0 0.0 0.0 0.0 0.0 0.0 0.0 0.0
63 4 0.0 0.0 0.0 0.0 0.0 0.0 0.0 0.0 0.0 0.0
63 5 0.0 0.0 0.0 0.0 0.0 0.0 0.0 0.0 0.0 0.0
63 6 0.0 0.0 0.0 0.0 0.0 0.0 0.0 0.0 0.0 0.0
63 7 0.0 0.0 0.0 0.0 0.0 0.0 0.0 0.0 0.0 0.0
63 8 0.0 0.0 0.0 0.0 0.0 0.0 0.0 0.0 0.0 0.0
63 9 0.0 0.0 0.0 0.0 0.0 0.0 0.0 0.0 0.0 0.0
63 10 0.0 0.0 0.0 0.0 0.0 0.0 0.0 0.0 0.0 0.0
63 11 0.0 0.0 0.0 0.0 0.0 0.0 0.0 0.0 0.0 0.0
63 12 0.0 0.0 0.0 0.0 0.0 0.0 0.0 0.0 0.0 0.0
64 0 0.0 0.0 0.0 0.0 0.0 0.0 0.0 0.0 0.0 0.0
64 1 0.0 0.0 0.0 0.0 0.0 0.0 0.0 0.0 0.0 0.0
64 2 212.5031280517578 -4.5 0.0 0.0 0.0 3.0 2.0 0.0 0.0 12.592785835266113
64 3 0.0 0.0 0.0 0.0 0.0 0.0 0.0 0.0 0.0 0.0
64 4 0.0 0.0 0.0 0.0 0.0 0.0 0.0 0.0 0.0 0.0
64 5 0.0 0.0 0.0 0.0 0.0 0.0 0.0 0.0 0.0 0.0
64 6 0.0 0.0 0.0 0.0 0.0 0.0 0.0 0.0 0.0 0.0
64 7 0.0 0.0 0.0 0.0 0.0 0.0 0.0 0.0 0.0 0.0
64 8 0.0 0.0 0.0 0.0 0.0 0.0 0.0 0.0 0.0 0.0
64 9 0.0 0.0 0.0 0.0 0.0 0.0 0.0 0.0 0.0 0.0
64 10 0.0 0.0 0.0 0.0 0.0 0.0 0.0 0.0 0.0 0.0
64 11 0.0 0.0 0.0 0.0 0.0 0.0 0.0 0.0 0.0 0.0
64 12 0.0 0.0 0.0 0.0 0.0 0.0 0.0 0.0 0.0 0.0
65 0 0.0 0.0 0.0 0.0 0.0 0.0 0.0 0.0 0.0 0.0
65 1 0.0 0.0 0.0 0.0 0.0 0.0 0.0 0.0 0.0 0.0
65 2 215.9091339111328 -4.5 0.0 0.0 0.0 3.0 2.0 0.0 0.0 15.979687690734863
65 3 0.0 0.0 0.0 0.0 0.0 0.0 0.0 0.0 0.0 0.0
65 4 0.0 0.0 0.0 0.0 0.0 0.0 0.0 0.0 0.0 0.0
65 5 0.0 0.0 0.0 0.0 0.0 0.0 0.0 0.0 0.0 0.0
65 6 0.0 0.0 0.0 0.0 0.0 0.0 0.0 0.0 0.0 0.0
65 7 0.0 0.0 0.0 0.0 0.0 0.0 0.0 0.0 0.0 0.0
65 8 0.0 0.0 0.0 0.0 0.0 0.0 0.0 0.0 0.0 0.0
65 9 0.0 0.0 0.0 0.0 0.0 0.0 0.0 0.0 0.0 0.0
65 10 0.0 0.0 0.0 0.0 0.0 0.0 0.0 0.0 0.0 0.0
65 11 0.0 0.0 0.0 0.0 0.0 0.0 0.0 0.0 0.0 0.0
65 12 0.0 0.0 0.0 0.0 0.0 0.0 0.0 0.0 0.0 0.0
66 0 0.0 0.0 0.0 0.0 0.0 0.0 0.0 0.0 0.0 0.0
66 1 0.0 0.0 0.0 0.0 0.0 0.0 0.0 0.0 0.0 0.0
66 2 219.31512451171875 -4.5 0.0 0.0 0.0 3.0 2.0 0.0 0.0 19.37327766418457
66 3 0.0 0.0 0.0 0.0 0.0 0.0 0.0 0.0 0.0 0.0
66 4 0.0 0.0 0.0 0.0 0.0 0.0 0.0 0.0 0.0 0.0
66 5 0.0 0.0 0.0 0.0 0.0 0.0 0.0 0.0 0.0 0.0
66 6 0.0 0.0 0.0 0.0 0.0 0.0 0.0 0.0 0.0 0.0
66 7 0.0 0.0 0.0 0.0 0.0 0.0 0.0 0.0 0.0 0.0
66 8 0.0 0.0 0.0 0.0 0.0 0.0 0.0 0.0 0.0 0.0
66 9 0.0 0.0 0.0 0.0 0.0 0.0 0.0 0.0 0.0 0.0
66 10 0.0 0.0 0.0 0.0 0.0 0.0 0.0 0.0 0.0 0.0
66 11 0.0 0.0 0.0 0.0 0.0 0.0 0.0 0.0 0.0 0.0
66 12 0.0 0.0 0.0 0.0 0.0 0.0 0.0 0.0 0.0 0.0
67 0 0.0 0.0 0.0 0.0 0.0 0.0 0.0 0.0 0.0 0.0
67 1 0.0 0.0 0.0 0.0 0.0 0.0 0.0 0.0 0.0 0.0
67 2 222.71913146972656 -4.5 0.0 0.0 0.0 3.0 2.0 0.0 0.0 22.76859474182129
67 3 0.0 0.0 0.0 0.0 0.0 0.0 0.0 0.0 0.0 0.0
67 4 0.0 0.0 0.0 0.0 0.0 0.0 0.0 0.0 0.0 0.0
67 5 0.0 0.0 0.0 0.0 0.0 0.0 0.0 0.0 0.0 0.0
67 6 0.0 0.0 0.0 0.0 0.0 0.0 0.0 0.0 0.0 0.0
67 7 0.0 0.0 0.0 0.0 0.0 0.0 0.0 0.0 0.0 0.0
67 8 0.0 0.0 0.0 0.0 0.0 0.0 0.0 0.0 0.0 0.0
67 9 0.0 0.0 0.0 0.0 0.0 0.0 0.0 0.0 0.0 0.0
67 10 0.0 0.0 0.0 0.0 0.0 0.0 0.0 0.0 0.0 0.0
67 11 0.0 0.0 0.0 0.0 0.0 0.0 0.0 0.0 0.0 0.0
67 12 0.0 0.0 0.0 0.0 0.0 0.0 0.0 0.0 0.0 0.0
68 0 0.0 0.0 0.0 0.0 0.0 0.0 0.0 0.0 0.0 0.0
68 1 0.0 0.0 0.0 0.0 0.0 0.0 0.0 0.0 0.0 0.0
68 2 226.12112426757812 -4.5 0.0 0.0 0.0 3.0 2.0 0.0 0.0 26.164154052734375
68 3 0.0 0.0 0.0 0.0 0.0 0.0 0.0 0.0 0.0 0.0
68 4 0.0 0.0 0.0 0.0 0.0 0.0 0.0 0.0 0.0 0.0
68 5 0.0 0.0 0.0 0.0 0.0 0.0 0.0 0.0 0.0 0.0
68 6 0.0 0.0 0.0 0.0 0.0 0.0 0.0 0.0 0.0 0.0
68 7 0.0 0.0 0.0 0.0 0.0 0.0 0.0 0.0 0.0 0.0
68 8 0.0 0.0 0.0 0.0 0.0 0.0 0.0 0.0 0.0 0.0
68 9 0.0 0.0 0.0 0.0 0.0 0.0 0.0 0.0 0.0 0.0
68 10 0.0 0.0 0.0 0.0 0.0 0.0 0.0 0.0 0.0 0.0
68 11 0.0 0.0 0.0 0.0 0.0 0.0 0.0 0.0 0.0 0.0
68 12 0.0 0.0 0.0 0.0 0.0 0.0 0.0 0.0 0.0 0.0
69 0 0.0 0.0 0.0 0.0 0.0 0.0 0.0 0.0 0.0 0.0
69 1 0.0 0.0 0.0 0.0 0.0 0.0 0.0 0.0 0.0 0.0
69 2 229.52313232421875 -4.5 0.0 0.0 0.0 3.0 2.0 0.0 0.0 29.56121063232422
69 3 0.0 0.0 0.0 0.0 0.0 0.0 0.0 0.0 0.0 0.0
69 4 0.0 0.0 0.0 0.0 0.0 0.0 0.0 0.0 0.0 0.0
69 5 0.0 0.0 0.0 0.0 0.0 0.0 0.0 0.0 0.0 0.0
69 6 0.0 0.0 0.0 0.0 0.0 0.0 0.0 0.0 0.0 0.0
69 7 0.0 0.0 0.0 0.0 0.0 0.0 0.0 0.0 0.0 0.0
69 8 0.0 0.0 0.0 0.0 0.0 0.0 0.0 0.0 0.0 0.0
69 9 0.0 0.0 0.0 0.0 0.0 0.0 0.0 0.0 0.0 0.0
69 10 0.0 0.0 0.0 0.0 0.0 0.0 0.0 0.0 0.0 0.0
69 11 0.0 0.0 0.0 0.0 0.0 0.0 0.0 0.0 0.0 0.0
69 12 0.0 0.0 0.0 0.0 0.0 0.0 0.0 0.0 0.0 0.0
70 0 0.0 0.0 0.0 0.0 0.0 0.0 0.0 0.0 0.0 0.0
70 1 0.0 0.0 0.0 0.0 0.0 0.0 0.0 0.0 0.0 0.0
70 2 232.9251251220703 -4.5 0.0 0.0 0.0 3.0 2.0 0.0 0.0 32.95928192138672
70 3 0.0 0.0 0.0 0.0 0.0 0.0 0.0 0.0 0.0 0.0
70 4 0.0 0.0 0.0 0.0 0.0 0.0 0.0 0.0 0.0 0.0
70 5 0.0 0.0 0.0 0.0 0.0 0.0 0.0 0.0 0.0 0.0
70 6 0.0 0.0 0.0 0.0 0.0 0.0 0.0 0.0 0.0 0.0
70 7 0.0 0.0 0.0 0.0 0.0 0.0 0.0 0.0 0.0 0.0
70 8 0.0 0.0 0.0 0.0 0.0 0.0 0.0 0.0 0.0 0.0
70 9 0.0 0.0 0.0 0.0 0.0 0.0 0.0 0.0 0.0 0.0
70 10 0.0 0.0 0.0 0.0 0.0 0.0 0.0 0.0 0.0 0.0
70 11 0.0 0.0 0.0 0.0 0.0 0.0 0.0 0.0 0.0 0.0
70 12 0.0 0.0 0.0 0.0 0.0 0.0 0.0 0.0 0.0 0.0
71 0 0.0 0.0 0.0 0.0 0.0 0.0 0.0 0.0 0.0 0.0
71 1 0.0 0.0 0.0 0.0 0.0 0.0 0.0 0.0 0.0 0.0
71 2 236.32513427734375 -4.5 0.0 0.0 0.0 3.0 2.0 0.0 0.0 36.35608673095703
71 3 0.0 0.0 0.0 0.0 0.0 0.0 0.0 0.0 0.0 0.0
71 4 0.0 0.0 0.0 0.0 0.0 0.0 0.0 0.0 0.0 0.0
71 5 0.0 0.0 0.0 0.0 0.0 0.0 0.0 0.0 0.0 0.0
71 6 0.0 0.0 0.0 0.0 0.0 0.0 0.0 0.0 0.0 0.0
71 7 0.0 0.0 0.0 0.0 0.0 0.0 0.0 0.0 0.0 0.0
71 8 0.0 0.0 0.0 0.0 0.0 0.0 0.0 0.0 0.0 0.0
71 9 0.0 0.0 0.0 0.0 0.0 0.0 0.0 0.0 0.0 0.0
71 10 0.0 0.0 0.0 0.0 0.0 0.0 0.0 0.0 0.0 0.0
71 11 0.0 0.0 0.0 0.0 0.0 0.0 0.0 0.0 0.0 0.0
71 12 0.0 0.0 0.0 0.0 0.0 0.0 0.0 0.0 0.0 0.0
72 0 0.0 0.0 0.0 0.0 0.0 0.0 0.0 0.0 0.0 0.0
72 1 0.0 0.0 0.0 0.0 0.0 0.0 0.0 0.0 0.0 0.0
72 2 239.72512817382812 -4.5 0.0 0.0 0.0 3.0 2.0 0.0 0.0 39.753440856933594
72 3 0.0 0.0 0.0 0.0 0.0 0.0 0.0 0.0 0.0 0.0
72 4 0.0 0.0 0.0 0.0 0.0 0.0 0.0 0.0 0.0 0.0
72 5 0.0 0.0 0.0 0.0 0.0 0.0 0.0 0.0 0.0 0.0
72 6 0.0 0.0 0.0 0.0 0.0 0.0 0.0 0.0 0.0 0.0
72 7 0.0 0.0 0.0 0.0 0.0 0.0 0.0 0.0 0.0 0.0
72 8 0.0 0.0 0.0 0.0 0.0 0.0 0.0 0.0 0.0 0.0
72 9 0.0 0.0 0.0 0.0 0.0 0.0 0.0 0.0 0.0 0.0
72 10 0.0 0.0 0.0 0.0 0.0 0.0 0.0 0.0 0.0 0.0
72 11 0.0 0.0 0.0 0.0 0.0 0.0 0.0 0.0 0.0 0.0
72 12 0.0 0.0 0.0 0.0 0.0 0.0 0.0 0.0 0.0 0.0
73 0 0.0 0.0 0.0 0.0 0.0 0.0 0.0 0.0 0.0 0.0
73 1 0.0 0.0 0.0 0.0 0.0 0.0 0.0 0.0 0.0 0.0
73 2 243.12313842773438 -4.5 0.0 0.0 0.0 3.0 2.0 0.0 0.0 43.14921951293945
73 3 0.0 0.0 0.0 0.0 0.0 0.0 0.0 0.0 0.0 0.0
73 4 0.0 0.0 0.0 0.0 0.0 0.0 0.0 0.0 0.0 0.0
73 5 0.0 0.0 0.0 0.0 0.0 0.0 0.0 0.0 0.0 0.0
73 6 0.0 0.0 0.0 0.0 0.0 0.0 0.0 0.0 0.0 0.0
73 7 0.0 0.0 0.0 0.0 0.0 0.0 0.0 0.0 0.0 0.0
73 8 0.0 0.0 0.0 0.0 0.0 0.0 0.0 0.0 0.0 0.0
73 9 0.0 0.0 0.0 0.0 0.0 0.0 0.0 0.0 0.0 0.0
73 10 0.0 0.0 0.0 0.0 0.0 0.0 0.0 0.0 0.0 0.0
73 11 0.0 0.0 0.0 0.0 0.0 0.0 0.0 0.0 0.0 0.0
73 12 0.0 0.0 0.0 0.0 0.0 0.0 0.0 0.0 0.0 0.0
74 0 0.0 0.0 0.0 0.0 0.0 0.0 0.0 0.0 0.0 0.0
74 1 0.0 0.0 0.0 0.0 0.0 0.0 0.0 0.0 0.0 0.0
74 2 246.52113342285156 -4.5 0.0 0.0 0.0 3.0 2.0 0.0 0.0 46.54530715942383
74 3 0.0 0.0 0.0 0.0 0.0 0.0 0.0 0.0 0.0 0.0
74 4 0.0 0.0 0.0 0.0 0.0 0.0 0.0 0.0 0.0 0.0
74 5 0.0 0.0 0.0 0.0 0.0 0.0 0.0 0.0 0.0 0.0
74 6 0.0 0.0 0.0 0.0 0.0 0.0 0.0 0.0 0.0 0.0
74 7 0.0 0.0 0.0 0.0 0.0 0.0 0.0 0.0 0.0 0.0
74 8 0.0 0.0 0.0 0.0 0.0 0.0 0.0 0.0 0.0 0.0
74 9 0.0 0.0 0.0 0.0 0.0 0.0 0.0 0.0 0.0 0.0
74 10 0.0 0.0 0.0 0.0 0.0 0.0 0.0 0.0 0.0 0.0
74 11 0.0 0.0 0.0 0.0 0.0 0.0 0.0 0.0 0.0 0.0
74 12 0.0 0.0 0.0 0.0 0.0 0.0 0.0 0.0 0.0 0.0
75 0 0.0 0.0 0.0 0.0 0.0 0.0 0.0 0.0 0.0 0.0
75 1 0.0 0.0 0.0 0.0 0.0 0.0 0.0 0.0 0.0 0.0
75 2 249.91912841796875 -4.5 0.0 0.0 0.0 3.0 2.0 0.0 0.0 49.9416618347168
75 3 0.0 0.0 0.0 0.0 0.0 0.0 0.0 0.0 0.0 0.0
75 4 0.0 0.0 0.0 0.0 0.0 0.0 0.0 0.0 0.0 0.0
75 5 0.0 0.0 0.0 0.0 0.0 0.0 0.0 0.0 0.0 0.0
75 6 0.0 0.0 0.0 0.0 0.0 0.0 0.0 0.0 0.0 0.0
75 7 0.0 0.0 0.0 0.0 0.0 0.0 0.0 0.0 0.0 0.0
75 8 0.0 0.0 0.0 0.0 0.0 0.0 0.0 0.0 0.0 0.0
75 9 0.0 0.0 0.0 0.0 0.0 0.0 0.0 0.0 0.0 0.0
75 10 0.0 0.0 0.0 0.0 0.0 0.0 0.0 0.0 0.0 0.0
75 11 0.0 0.0 0.0 0.0 0.0 0.0 0.0 0.0 0.0 0.0
75 12 0.0 0.0 0.0 0.0 0.0 0.0 0.0 0.0 0.0 0.0
76 0 0.0 0.0 0.0 0.0 0.0 0.0 0.0 0.0 0.0 0.0
76 1 0.0 0.0 0.0 0.0 0.0 0.0 0.0 0.0 0.0 0.0
76 2 0.0 0.0 0.0 0.0 0.0 0.0 0.0 0.0 0.0 0.0
76 3 0.0 0.0 0.0 0.0 0.0 0.0 0.0 0.0 0.0 0.0
76 4 0.0 0.0 0.0 0.0 0.0 0.0 0.0 0.0 0.0 0.0
76 5 0.0 0.0 0.0 0.0 0.0 0.0 0.0 0.0 0.0 0.0
76 6 0.0 0.0 0.0 0.0 0.0 0.0 0.0 0.0 0.0 0.0
76 7 0.0 0.0 0.0 0.0 0.0 0.0 0.0 0.0 0.0 0.0
76 8 0.0 0.0 0.0 0.0 0.0 0.0 0.0 0.0 0.0 0.0
76 9 0.0 0.0 0.0 0.0 0.0 0.0 0.0 0.0 0.0 0.0
76 10 0.0 0.0 0.0 0.0 0.0 0.0 0.0 0.0 0.0 0.0
76 11 0.0 0.0 0.0 0.0 0.0 0.0 0.0 0.0 0.0 0.0
76 12 0.0 0.0 0.0 0.0 0.0 0.0 0.0 0.0 0.0 0.0
77 0 0.0 0.0 0.0 0.0 0.0 0.0 0.0 0.0 0.0 0.0
77 1 0.0 0.0 0.0 0.0 0.0 0.0 0.0 0.0 0.0 0.0
77 2 0.0 0.0 0.0 0.0 0.0 0.0 0.0 0.0 0.0 0.0
77 3 0.0 0.0 0.0 0.0 0.0 0.0 0.0 0.0 0.0 0.0
77 4 0.0 0.0 0.0 0.0 0.0 0.0 0.0 0.0 0.0 0.0
77 5 0.0 0.0 0.0 0.0 0.0 0.0 0.0 0.0 0.0 0.0
77 6 0.0 0.0 0.0 0.0 0.0 0.0 0.0 0.0 0.0 0.0
77 7 0.0 0.0 0.0 0.0 0.0 0.0 0.0 0.0 0.0 0.0
77 8 0.0 0.0 0.0 0.0 0.0 0.0 0.0 0.0 0.0 0.0
77 9 0.0 0.0 0.0 0.0 0.0 0.0 0.0 0.0 0.0 0.0
77 10 0.0 0.0 0.0 0.0 0.0 0.0 0.0 0.0 0.0 0.0
77 11 0.0 0.0 0.0 0.0 0.0 0.0 0.0 0.0 0.0 0.0
77 12 0.0 0.0 0.0 0.0 0.0 0.0 0.0 0.0 0.0 0.0
78 0 0.0 0.0 0.0 0.0 0.0 0.0 0.0 0.0 0.0 0.0
78 1 0.0 0.0 0.0 0.0 0.0 0.0 0.0 0.0 0.0 0.0
78 2 0.0 0.0 0.0 0.0 0.0 0.0 0.0 0.0 0.0 0.0
78 3 0.0 0.0 0.0 0.0 0.0 0.0 0.0 0.0 0.0 0.0
78 4 0.0 0.0 0.0 0.0 0.0 0.0 0.0 0.0 0.0 0.0
78 5 0.0 0.0 0.0 0.0 0.0 0.0 0.0 0.0 0.0 0.0
78 6 0.0 0.0 0.0 0.0 0.0 0.0 0.0 0.0 0.0 0.0
78 7 0.0 0.0 0.0 0.0 0.0 0.0 0.0 0.0 0.0 0.0
78 8 0.0 0.0 0.0 0.0 0.0 0.0 0.0 0.0 0.0 0.0
78 9 0.0 0.0 0.0 0.0 0.0 0.0 0.0 0.0 0.0 0.0
78 10 0.0 0.0 0.0 0.0 0.0 0.0 0.0 0.0 0.0 0.0
78 11 0.0 0.0 0.0 0.0 0.0 0.0 0.0 0.0 0.0 0.0
78 12 0.0 0.0 0.0 0.0 0.0 0.0 0.0 0.0 0.0 0.0
79 0 0.0 0.0 0.0 0.0 0.0 0.0 0.0 0.0 0.0 0.0
79 1 0.0 0.0 0.0 0.0 0.0 0.0 0.0 0.0 0.0 0.0
79 2 0.0 0.0 0.0 0.0 0.0 0.0 0.0 0.0 0.0 0.0
79 3 0.0 0.0 0.0 0.0 0.0 0.0 0.0 0.0 0.0 0.0
79 4 0.0 0.0 0.0 0.0 0.0 0.0 0.0 0.0 0.0 0.0
79 5 0.0 0.0 0.0 0.0 0.0 0.0 0.0 0.0 0.0 0.0
79 6 0.0 0.0 0.0 0.0 0.0 0.0 0.0 0.0 0.0 0.0
79 7 0.0 0.0 0.0 0.0 0.0 0.0 0.0 0.0 0.0 0.0
79 8 0.0 0.0 0.0 0.0 0.0 0.0 0.0 0.0 0.0 0.0
79 9 0.0 0.0 0.0 0.0 0.0 0.0 0.0 0.0 0.0 0.0
79 10 0.0 0.0 0.0 0.0 0.0 0.0 0.0 0.0 0.0 0.0
79 11 0.0 0.0 0.0 0.0 0.0 0.0 0.0 0.0 0.0 0.0
79 12 0.0 0.0 0.0 0.0 0.0 0.0 0.0 0.0 0.0 0.0
80 0 0.0 0.0 0.0 0.0 0.0 0.0 0.0 0.0 0.0 0.0
80 1 0.0 0.0 0.0 0.0 0.0 0.0 0.0 0.0 0.0 0.0
80 2 0.0 0.0 0.0 0.0 0.0 0.0 0.0 0.0 0.0 0.0
80 3 0.0 0.0 0.0 0.0 0.0 0.0 0.0 0.0 0.0 0.0
80 4 0.0 0.0 0.0 0.0 0.0 0.0 0.0 0.0 0.0 0.0
80 5 0.0 0.0 0.0 0.0 0.0 0.0 0.0 0.0 0.0 0.0
80 6 0.0 0.0 0.0 0.0 0.0 0.0 0.0 0.0 0.0 0.0
80 7 0.0 0.0 0.0 0.0 0.0 0.0 0.0 0.0 0.0 0.0
80 8 0.0 0.0 0.0 0.0 0.0 0.0 0.0 0.0 0.0 0.0
80 9 0.0 0.0 0.0 0.0 0.0 0.0 0.0 0.0 0.0 0.0
80 10 0.0 0.0 0.0 0.0 0.0 0.0 0.0 0.0 0.0 0.0
80 11 0.0 0.0 0.0 0.0 0.0 0.0 0.0 0.0 0.0 0.0
80 12 0.0 0.0 0.0 0.0 0.0 0.0 0.0 0.0 0.0 0.0
81 0 0.0 0.0 0.0 0.0 0.0 0.0 0.0 0.0 0.0 0.0
81 1 0.0 0.0 0.0 0.0 0.0 0.0 0.0 0.0 0.0 0.0
81 2 0.0 0.0 0.0 0.0 0.0 0.0 0.0 0.0 0.0 0.0
81 3 0.0 0.0 0.0 0.0 0.0 0.0 0.0 0.0 0.0 0.0
81 4 0.0 0.0 0.0 0.0 0.0 0.0 0.0 0.0 0.0 0.0
81 5 0.0 0.0 0.0 0.0 0.0 0.0 0.0 0.0 0.0 0.0
81 6 0.0 0.0 0.0 0.0 0.0 0.0 0.0 0.0 0.0 0.0
81 7 0.0 0.0 0.0 0.0 0.0 0.0 0.0 0.0 0.0 0.0
81 8 0.0 0.0 0.0 0.0 0.0 0.0 0.0 0.0 0.0 0.0
81 9 0.0 0.0 0.0 0.0 0.0 0.0 0.0 0.0 0.0 0.0
81 10 0.0 0.0 0.0 0.0 0.0 0.0 0.0 0.0 0.0 0.0
81 11 0.0 0.0 0.0 0.0 0.0 0.0 0.0 0.0 0.0 0.0
81 12 0.0 0.0 0.0 0.0 0.0 0.0 0.0 0.0 0.0 0.0
82 0 0.0 0.0 0.0 0.0 0.0 0.0 0.0 0.0 0.0 0.0
82 1 0.0 0.0 0.0 0.0 0.0 0.0 0.0 0.0 0.0 0.0
82 2 0.0 0.0 0.0 0.0 0.0 0.0 0.0 0.0 0.0 0.0
82 3 0.0 0.0 0.0 0.0 0.0 0.0 0.0 0.0 0.0 0.0
82 4 0.0 0.0 0.0 0.0 0.0 0.0 0.0 0.0 0.0 0.0
82 5 0.0 0.0 0.0 0.0 0.0 0.0 0.0 0.0 0.0 0.0
82 6 0.0 0.0 0.0 0.0 0.0 0.0 0.0 0.0 0.0 0.0
82 7 0.0 0.0 0.0 0.0 0.0 0.0 0.0 0.0 0.0 0.0
82 8 0.0 0.0 0.0 0.0 0.0 0.0 0.0 0.0 0.0 0.0
82 9 0.0 0.0 0.0 0.0 0.0 0.0 0.0 0.0 0.0 0.0
82 10 0.0 0.0 0.0 0.0 0.0 0.0 0.0 0.0 0.0 0.0
82 11 0.0 0.0 0.0 0.0 0.0 0.0 0.0 0.0 0.0 0.0
82 12 0.0 0.0 0.0 0.0 0.0 0.0 0.0 0.0 0.0 0.0
83 0 0.0 0.0 0.0 0.0 0.0 0.0 0.0 0.0 0.0 0.0
83 1 0.0 0.0 0.0 0.0 0.0 0.0 0.0 0.0 0.0 0.0
83 2 0.0 0.0 0.0 0.0 0.0 0.0 0.0 0.0 0.0 0.0
83 3 0.0 0.0 0.0 0.0 0.0 0.0 0.0 0.0 0.0 0.0
83 4 0.0 0.0 0.0 0.0 0.0 0.0 0.0 0.0 0.0 0.0
83 5 0.0 0.0 0.0 0.0 0.0 0.0 0.0 0.0 0.0 0.0
83 6 0.0 0.0 0.0 0.0 0.0 0.0 0.0 0.0 0.0 0.0
83 7 0.0 0.0 0.0 0.0 0.0 0.0 0.0 0.0 0.0 0.0
83 8 0.0 0.0 0.0 0.0 0.0 0.0 0.0 0.0 0.0 0.0
83 9 0.0 0.0 0.0 0.0 0.0 0.0 0.0 0.0 0.0 0.0
83 10 0.0 0.0 0.0 0.0 0.0 0.0 0.0 0.0 0.0 0.0
83 11 0.0 0.0 0.0 0.0 0.0 0.0 0.0 0.0 0.0 0.0
83 12 0.0 0.0 0.0 0.0 0.0 0.0 0.0 0.0 0.0 0.0
84 0 0.0 0.0 0.0 0.0 0.0 0.0 0.0 0.0 0.0 0.0
84 1 0.0 0.0 0.0 0.0 0.0 0.0 0.0 0.0 0.0 0.0
84 2 0.0 0.0 0.0 0.0 0.0 0.0 0.0 0.0 0.0 0.0
84 3 0.0 0.0 0.0 0.0 0.0 0.0 0.0 0.0 0.0 0.0
84 4 0.0 0.0 0.0 0.0 0.0 0.0 0.0 0.0 0.0 0.0
84 5 0.0 0.0 0.0 0.0 0.0 0.0 0.0 0.0 0.0 0.0
84 6 0.0 0.0 0.0 0.0 0.0 0.0 0.0 0.0 0.0 0.0
84 7 0.0 0.0 0.0 0.0 0.0 0.0 0.0 0.0 0.0 0.0
84 8 0.0 0.0 0.0 0.0 0.0 0.0 0.0 0.0 0.0 0.0
84 9 0.0 0.0 0.0 0.0 0.0 0.0 0.0 0.0 0.0 0.0
84 10 0.0 0.0 0.0 0.0 0.0 0.0 0.0 0.0 0.0 0.0
84 11 0.0 0.0 0.0 0.0 0.0 0.0 0.0 0.0 0.0 0.0
84 12 0.0 0.0 0.0 0.0 0.0 0.0 0.0 0.0 0.0 0.0
85 0 0.0 0.0 0.0 0.0 0.0 0.0 0.0 0.0 0.0 0.0
85 1 0.0 0.0 0.0 0.0 0.0 0.0 0.0 0.0 0.0 0.0
85 2 0.0 0.0 0.0 0.0 0.0 0.0 0.0 0.0 0.0 0.0
85 3 0.0 0.0 0.0 0.0 0.0 0.0 0.0 0.0 0.0 0.0
85 4 0.0 0.0 0.0 0.0 0.0 0.0 0.0 0.0 0.0 0.0
85 5 0.0 0.0 0.0 0.0 0.0 0.0 0.0 0.0 0.0 0.0
85 6 0.0 0.0 0.0 0.0 0.0 0.0 0.0 0.0 0.0 0.0
85 7 0.0 0.0 0.0 0.0 0.0 0.0 0.0 0.0 0.0 0.0
85 8 0.0 0.0 0.0 0.0 0.0 0.0 0.0 0.0 0.0 0.0
85 9 0.0 0.0 0.0 0.0 0.0 0.0 0.0 0.0 0.0 0.0
85 10 0.0 0.0 0.0 0.0 0.0 0.0 0.0 0.0 0.0 0.0
85 11 0.0 0.0 0.0 0.0 0.0 0.0 0.0 0.0 0.0 0.0
85 12 0.0 0.0 0.0 0.0 0.0 0.0 0.0 0.0 0.0 0.0
86 0 0.0 0.0 0.0 0.0 0.0 0.0 0.0 0.0 0.0 0.0
86 1 0.0 0.0 0.0 0.0 0.0 0.0 0.0 0.0 0.0 0.0
86 2 0.0 0.0 0.0 0.0 0.0 0.0 0.0 0.0 0.0 0.0
86 3 0.0 0.0 0.0 0.0 0.0 0.0 0.0 0.0 0.0 0.0
86 4 0.0 0.0 0.0 0.0 0.0 0.0 0.0 0.0 0.0 0.0
86 5 0.0 0.0 0.0 0.0 0.0 0.0 0.0 0.0 0.0 0.0
86 6 0.0 0.0 0.0 0.0 0.0 0.0 0.0 0.0 0.0 0.0
86 7 0.0 0.0 0.0 0.0 0.0 0.0 0.0 0.0 0.0 0.0
86 8 0.0 0.0 0.0 0.0 0.0 0.0 0.0 0.0 0.0 0.0
86 9 0.0 0.0 0.0 0.0 0.0 0.0 0.0 0.0 0.0 0.0
86 10 0.0 0.0 0.0 0.0 0.0 0.0 0.0 0.0 0.0 0.0
86 11 0.0 0.0 0.0 0.0 0.0 0.0 0.0 0.0 0.0 0.0
86 12 0.0 0.0 0.0 0.0 0.0 0.0 0.0 0.0 0.0 0.0
87 0 0.0 0.0 0.0 0.0 0.0 0.0 0.0 0.0 0.0 0.0
87 1 0.0 0.0 0.0 0.0 0.0 0.0 0.0 0.0 0.0 0.0
87 2 0.0 0.0 0.0 0.0 0.0 0.0 0.0 0.0 0.0 0.0
87 3 0.0 0.0 0.0 0.0 0.0 0.0 0.0 0.0 0.0 0.0
87 4 0.0 0.0 0.0 0.0 0.0 0.0 0.0 0.0 0.0 0.0
87 5 0.0 0.0 0.0 0.0 0.0 0.0 0.0 0.0 0.0 0.0
87 6 0.0 0.0 0.0 0.0 0.0 0.0 0.0 0.0 0.0 0.0
87 7 0.0 0.0 0.0 0.0 0.0 0.0 0.0 0.0 0.0 0.0
87 8 0.0 0.0 0.0 0.0 0.0 0.0 0.0 0.0 0.0 0.0
87 9 0.0 0.0 0.0 0.0 0.0 0.0 0.0 0.0 0.0 0.0
87 10 0.0 0.0 0.0 0.0 0.0 0.0 0.0 0.0 0.0 0.0
87 11 0.0 0.0 0.0 0.0 0.0 0.0 0.0 0.0 0.0 0.0
87 12 0.0 0.0 0.0 0.0 0.0 0.0 0.0 0.0 0.0 0.0
88 0 0.0 0.0 0.0 0.0 0.0 0.0 0.0 0.0 0.0 0.0
88 1 0.0 0.0 0.0 0.0 0.0 0.0 0.0 0.0 0.0 0.0
88 2 0.0 0.0 0.0 0.0 0.0 0.0 0.0 0.0 0.0 0.0
88 3 0.0 0.0 0.0 0.0 0.0 0.0 0.0 0.0 0.0 0.0
88 4 0.0 0.0 0.0 0.0 0.0 0.0 0.0 0.0 0.0 0.0
88 5 0.0 0.0 0.0 0.0 0.0 0.0 0.0 0.0 0.0 0.0
88 6 0.0 0.0 0.0 0.0 0.0 0.0 0.0 0.0 0.0 0.0
88 7 0.0 0.0 0.0 0.0 0.0 0.0 0.0 0.0 0.0 0.0
88 8 0.0 0.0 0.0 0.0 0.0 0.0 0.0 0.0 0.0 0.0
88 9 0.0 0.0 0.0 0.0 0.0 0.0 0.0 0.0 0.0 0.0
88 10 0.0 0.0 0.0 0.0 0.0 0.0 0.0 0.0 0.0 0.0
88 11 0.0 0.0 0.0 0.0 0.0 0.0 0.0 0.0 0.0 0.0
88 12 0.0 0.0 0.0 0.0 0.0 0.0 0.0 0.0 0.0 0.0
89 0 0.0 0.0 0.0 0.0 0.0 0.0 0.0 0.0 0.0 0.0
89 1 0.0 0.0 0.0 0.0 0.0 0.0 0.0 0.0 0.0 0.0
89 2 0.0 0.0 0.0 0.0 0.0 0.0 0.0 0.0 0.0 0.0
89 3 0.0 0.0 0.0 0.0 0.0 0.0 0.0 0.0 0.0 0.0
89 4 0.0 0.0 0.0 0.0 0.0 0.0 0.0 0.0 0.0 0.0
89 5 0.0 0.0 0.0 0.0 0.0 0.0 0.0 0.0 0.0 0.0
89 6 0.0 0.0 0.0 0.0 0.0 0.0 0.0 0.0 0.0 0.0
89 7 0.0 0.0 0.0 0.0 0.0 0.0 0.0 0.0 0.0 0.0
89 8 0.0 0.0 0.0 0.0 0.0 0.0 0.0 0.0 0.0 0.0
89 9 0.0 0.0 0.0 0.0 0.0 0.0 0.0 0.0 0.0 0.0
89 10 0.0 0.0 0.0 0.0 0.0 0.0 0.0 0.0 0.0 0.0
89 11 0.0 0.0 0.0 0.0 0.0 0.0 0.0 0.0 0.0 0.0
89 12 0.0 0.0 0.0 0.0 0.0 0.0 0.0 0.0 0.0 0.0
90 0 0.0 0.0 0.0 0.0 0.0 0.0 0.0 0.0 0.0 0.0
90 1 0.0 0.0 0.0 0.0 0.0 0.0 0.0 0.0 0.0 0.0
90 2 0.0 0.0 0.0 0.0 0.0 0.0 0.0 0.0 0.0 0.0
90 3 0.0 0.0 0.0 0.0 0.0 0.0 0.0 0.0 0.0 0.0
90 4 0.0 0.0 0.0 0.0 0.0 0.0 0.0 0.0 0.0 0.0
90 5 0.0 0.0 0.0 0.0 0.0 0.0 0.0 0.0 0.0 0.0
90 6 0.0 0.0 0.0 0.0 0.0 0.0 0.0 0.0 0.0 0.0
90 7 0.0 0.0 0.0 0.0 0.0 0.0 0.0 0.0 0.0 0.0
90 8 0.0 0.0 0.0 0.0 0.0 0.0 0.0 0.0 0.0 0.0
90 9 0.0 0.0 0.0 0.0 0.0 0.0 0.0 0.0 0.0 0.0
90 10 0.0 0.0 0.0 0.0 0.0 0.0 0.0 0.0 0.0 0.0
90 11 0.0 0.0 0.0 0.0 0.0 0.0 0.0 0.0 0.0 0.0
90 12 0.0 0.0 0.0 0.0 0.0 0.0 0.0 0.0 0.0 0.0
91 0 0.0 0.0 0.0 0.0 0.0 0.0 0.0 0.0 0.0 0.0
91 1 0.0 0.0 0.0 0.0 0.0 0.0 0.0 0.0 0.0 0.0
91 2 0.0 0.0 0.0 0.0 0.0 0.0 0.0 0.0 0.0 0.0
91 3 0.0 0.0 0.0 0.0 0.0 0.0 0.0 0.0 0.0 0.0
91 4 0.0 0.0 0.0 0.0 0.0 0.0 0.0 0.0 0.0 0.0
91 5 0.0 0.0 0.0 0.0 0.0 0.0 0.0 0.0 0.0 0.0
91 6 0.0 0.0 0.0 0.0 0.0 0.0 0.0 0.0 0.0 0.0
91 7 0.0 0.0 0.0 0.0 0.0 0.0 0.0 0.0 0.0 0.0
91 8 0.0 0.0 0.0 0.0 0.0 0.0 0.0 0.0 0.0 0.0
91 9 0.0 0.0 0.0 0.0 0.0 0.0 0.0 0.0 0.0 0.0
91 10 0.0 0.0 0.0 0.0 0.0 0.0 0.0 0.0 0.0 0.0
91 11 0.0 0.0 0.0 0.0 0.0 0.0 0.0 0.0 0.0 0.0
91 12 0.0 0.0 0.0 0.0 0.0 0.0 0.0 0.0 0.0 0.0
92 0 0.0 0.0 0.0 0.0 0.0 0.0 0.0 0.0 0.0 0.0
92 1 0.0 0.0 0.0 0.0 0.0 0.0 0.0 0.0 0.0 0.0
92 2 0.0 0.0 0.0 0.0 0.0 0.0 0.0 0.0 0.0 0.0
92 3 0.0 0.0 0.0 0.0 0.0 0.0 0.0 0.0 0.0 0.0
92 4 0.0 0.0 0.0 0.0 0.0 0.0 0.0 0.0 0.0 0.0
92 5 0.0 0.0 0.0 0.0 0.0 0.0 0.0 0.0 0.0 0.0
92 6 0.0 0.0 0.0 0.0 0.0 0.0 0.0 0.0 0.0 0.0
92 7 0.0 0.0 0.0 0.0 0.0 0.0 0.0 0.0 0.0 0.0
92 8 0.0 0.0 0.0 0.0 0.0 0.0 0.0 0.0 0.0 0.0
92 9 0.0 0.0 0.0 0.0 0.0 0.0 0.0 0.0 0.0 0.0
92 10 0.0 0.0 0.0 0.0 0.0 0.0 0.0 0.0 0.0 0.0
92 11 0.0 0.0 0.0 0.0 0.0 0.0 0.0 0.0 0.0 0.0
92 12 0.0 0.0 0.0 0.0 0.0 0.0 0.0 0.0 0.0 0.0
93 0 0.0 0.0 0.0 0.0 0.0 0.0 0.0 0.0 0.0 0.0
93 1 0.0 0.0 0.0 0.0 0.0 0.0 0.0 0.0 0.0 0.0
93 2 0.0 0.0 0.0 0.0 0.0 0.0 0.0 0.0 0.0 0.0
93 3 0.0 0.0 0.0 0.0 0.0 0.0 0.0 0.0 0.0 0.0
93 4 0.0 0.0 0.0 0.0 0.0 0.0 0.0 0.0 0.0 0.0
93 5 0.0 0.0 0.0 0.0 0.0 0.0 0.0 0.0 0.0 0.0
93 6 0.0 0.0 0.0 0.0 0.0 0.0 0.0 0.0 0.0 0.0
93 7 0.0 0.0 0.0 0.0 0.0 0.0 0.0 0.0 0.0 0.0
93 8 0.0 0.0 0.0 0.0 0.0 0.0 0.0 0.0 0.0 0.0
93 9 0.0 0.0 0.0 0.0 0.0 0.0 0.0 0.0 0.0 0.0
93 10 0.0 0.0 0.0 0.0 0.0 0.0 0.0 0.0 0.0 0.0
93 11 0.0 0.0 0.0 0.0 0.0 0.0 0.0 0.0 0.0 0.0
93 12 0.0 0.0 0.0 0.0 0.0 0.0 0.0 0.0 0.0 0.0
94 0 0.0 0.0 0.0 0.0 0.0 0.0 0.0 0.0 0.0 0.0
94 1 0.0 0.0 0.0 0.0 0.0 0.0 0.0 0.0 0.0 0.0
94 2 0.0 0.0 0.0 0.0 0.0 0.0 0.0 0.0 0.0 0.0
94 3 0.0 0.0 0.0 0.0 0.0 0.0 0.0 0.0 0.0 0.0
94 4 0.0 0.0 0.0 0.0 0.0 0.0 0.0 0.0 0.0 0.0
94 5 0.0 0.0 0.0 0.0 0.0 0.0 0.0 0.0 0.0 0.0
94 6 0.0 0.0 0.0 0.0 0.0 0.0 0.0 0.0 0.0 0.0
94 7 0.0 0.0 0.0 0.0 0.0 0.0 0.0 0.0 0.0 0.0
94 8 0.0 0.0 0.0 0.0 0.0 0.0 0.0 0.0 0.0 0.0
94 9 0.0 0.0 0.0 0.0 0.0 0.0 0.0 0.0 0.0 0.0
94 10 0.0 0.0 0.0 0.0 0.0 0.0 0.0 0.0 0.0 0.0
94 11 0.0 0.0 0.0 0.0 0.0 0.0 0.0 0.0 0.0 0.0
94 12 0.0 0.0 0.0 0.0 0.0 0.0 0.0 0.0 0.0 0.0
95 0 0.0 0.0 0.0 0.0 0.0 0.0 0.0 0.0 0.0 0.0
95 1 0.0 0.0 0.0 0.0 0.0 0.0 0.0 0.0 0.0 0.0
95 2 0.0 0.0 0.0 0.0 0.0 0.0 0.0 0.0 0.0 0.0
95 3 0.0 0.0 0.0 0.0 0.0 0.0 0.0 0.0 0.0 0.0
95 4 0.0 0.0 0.0 0.0 0.0 0.0 0.0 0.0 0.0 0.0
95 5 0.0 0.0 0.0 0.0 0.0 0.0 0.0 0.0 0.0 0.0
95 6 0.0 0.0 0.0 0.0 0.0 0.0 0.0 0.0 0.0 0.0
95 7 0.0 0.0 0.0 0.0 0.0 0.0 0.0 0.0 0.0 0.0
95 8 0.0 0.0 0.0 0.0 0.0 0.0 0.0 0.0 0.0 0.0
95 9 0.0 0.0 0.0 0.0 0.0 0.0 0.0 0.0 0.0 0.0
95 10 0.0 0.0 0.0 0.0 0.0 0.0 0.0 0.0 0.0 0.0
95 11 0.0 0.0 0.0 0.0 0.0 0.0 0.0 0.0 0.0 0.0
95 12 0.0 0.0 0.0 0.0 0.0 0.0 0.0 0.0 0.0 0.0
96 0 0.0 0.0 0.0 0.0 0.0 0.0 0.0 0.0 0.0 0.0
96 1 0.0 0.0 0.0 0.0 0.0 0.0 0.0 0.0 0.0 0.0
96 2 0.0 0.0 0.0 0.0 0.0 0.0 0.0 0.0 0.0 0.0
96 3 0.0 0.0 0.0 0.0 0.0 0.0 0.0 0.0 0.0 0.0
96 4 0.0 0.0 0.0 0.0 0.0 0.0 0.0 0.0 0.0 0.0
96 5 0.0 0.0 0.0 0.0 0.0 0.0 0.0 0.0 0.0 0.0
96 6 0.0 0.0 0.0 0.0 0.0 0.0 0.0 0.0 0.0 0.0
96 7 0.0 0.0 0.0 0.0 0.0 0.0 0.0 0.0 0.0 0.0
96 8 0.0 0.0 0.0 0.0 0.0 0.0 0.0 0.0 0.0 0.0
96 9 0.0 0.0 0.0 0.0 0.0 0.0 0.0 0.0 0.0 0.0
96 10 0.0 0.0 0.0 0.0 0.0 0.0 0.0 0.0 0.0 0.0
96 11 0.0 0.0 0.0 0.0 0.0 0.0 0.0 0.0 0.0 0.0
96 12 0.0 0.0 0.0 0.0 0.0 0.0 0.0 0.0 0.0 0.0
97 0 0.0 0.0 0.0 0.0 0.0 0.0 0.0 0.0 0.0 0.0
97 1 0.0 0.0 0.0 0.0 0.0 0.0 0.0 0.0 0.0 0.0
97 2 0.0 0.0 0.0 0.0 0.0 0.0 0.0 0.0 0.0 0.0
97 3 0.0 0.0 0.0 0.0 0.0 0.0 0.0 0.0 0.0 0.0
97 4 0.0 0.0 0.0 0.0 0.0 0.0 0.0 0.0 0.0 0.0
97 5 0.0 0.0 0.0 0.0 0.0 0.0 0.0 0.0 0.0 0.0
97 6 0.0 0.0 0.0 0.0 0.0 0.0 0.0 0.0 0.0 0.0
97 7 0.0 0.0 0.0 0.0 0.0 0.0 0.0 0.0 0.0 0.0
97 8 0.0 0.0 0.0 0.0 0.0 0.0 0.0 0.0 0.0 0.0
97 9 0.0 0.0 0.0 0.0 0.0 0.0 0.0 0.0 0.0 0.0
97 10 0.0 0.0 0.0 0.0 0.0 0.0 0.0 0.0 0.0 0.0
97 11 0.0 0.0 0.0 0.0 0.0 0.0 0.0 0.0 0.0 0.0
97 12 0.0 0.0 0.0 0.0 0.0 0.0 0.0 0.0 0.0 0.0
98 0 0.0 0.0 0.0 0.0 0.0 0.0 0.0 0.0 0.0 0.0
98 1 0.0 0.0 0.0 0.0 0.0 0.0 0.0 0.0 0.0 0.0
98 2 0.0 0.0 0.0 0.0 0.0 0.0 0.0 0.0 0.0 0.0
98 3 0.0 0.0 0.0 0.0 0.0 0.0 0.0 0.0 0.0 0.0
98 4 0.0 0.0 0.0 0.0 0.0 0.0 0.0 0.0 0.0 0.0
98 5 0.0 0.0 0.0 0.0 0.0 0.0 0.0 0.0 0.0 0.0
98 6 0.0 0.0 0.0 0.0 0.0 0.0 0.0 0.0 0.0 0.0
98 7 0.0 0.0 0.0 0.0 0.0 0.0 0.0 0.0 0.0 0.0
98 8 0.0 0.0 0.0 0.0 0.0 0.0 0.0 0.0 0.0 0.0
98 9 0.0 0.0 0.0 0.0 0.0 0.0 0.0 0.0 0.0 0.0
98 10 0.0 0.0 0.0 0.0 0.0 0.0 0.0 0.0 0.0 0.0
98 11 0.0 0.0 0.0 0.0 0.0 0.0 0.0 0.0 0.0 0.0
98 12 0.0 0.0 0.0 0.0 0.0 0.0 0.0 0.0 0.0 0.0
99 0 0.0 0.0 0.0 0.0 0.0 0.0 0.0 0.0 0.0 0.0
99 1 0.0 0.0 0.0 0.0 0.0 0.0 0.0 0.0 0.0 0.0
99 2 0.0 0.0 0.0 0.0 0.0 0.0 0.0 0.0 0.0 0.0
99 3 0.0 0.0 0.0 0.0 0.0 0.0 0.0 0.0 0.0 0.0
99 4 0.0 0.0 0.0 0.0 0.0 0.0 0.0 0.0 0.0 0.0
99 5 0.0 0.0 0.0 0.0 0.0 0.0 0.0 0.0 0.0 0.0
99 6 0.0 0.0 0.0 0.0 0.0 0.0 0.0 0.0 0.0 0.0
99 7 0.0 0.0 0.0 0.0 0.0 0.0 0.0 0.0 0.0 0.0
99 8 0.0 0.0 0.0 0.0 0.0 0.0 0.0 0.0 0.0 0.0
99 9 0.0 0.0 0.0 0.0 0.0 0.0 0.0 0.0 0.0 0.0
99 10 0.0 0.0 0.0 0.0 0.0 0.0 0.0 0.0 0.0 0.0
99 11 0.0 0.0 0.0 0.0 0.0 0.0 0.0 0.0 0.0 0.0
99 12 0.0 0.0 0.0 0.0 0.0 0.0 0.0 0.0 0.0 0.0
100 0 0.0 0.0 0.0 0.0 0.0 0.0 0.0 0.0 0.0 0.0
100 1 0.0 0.0 0.0 0.0 0.0 0.0 0.0 0.0 0.0 0.0
100 2 0.0 0.0 0.0 0.0 0.0 0.0 0.0 0.0 0.0 0.0
100 3 0.0 0.0 0.0 0.0 0.0 0.0 0.0 0.0 0.0 0.0
100 4 0.0 0.0 0.0 0.0 0.0 0.0 0.0 0.0 0.0 0.0
100 5 0.0 0.0 0.0 0.0 0.0 0.0 0.0 0.0 0.0 0.0
100 6 0.0 0.0 0.0 0.0 0.0 0.0 0.0 0.0 0.0 0.0
100 7 0.0 0.0 0.0 0.0 0.0 0.0 0.0 0.0 0.0 0.0
100 8 0.0 0.0 0.0 0.0 0.0 0.0 0.0 0.0 0.0 0.0
100 9 0.0 0.0 0.0 0.0 0.0 0.0 0.0 0.0 0.0 0.0
100 10 0.0 0.0 0.0 0.0 0.0 0.0 0.0 0.0 0.0 0.0
100 11 0.0 0.0 0.0 0.0 0.0 0.0 0.0 0.0 0.0 0.0
100 12 0.0 0.0 0.0 0.0 0.0 0.0 0.0 0.0 0.0 0.0
101 0 0.0 0.0 0.0 0.0 0.0 0.0 0.0 0.0 0.0 0.0
101 1 0.0 0.0 0.0 0.0 0.0 0.0 0.0 0.0 0.0 0.0
101 2 0.0 0.0 0.0 0.0 0.0 0.0 0.0 0.0 0.0 0.0
101 3 0.0 0.0 0.0 0.0 0.0 0.0 0.0 0.0 0.0 0.0
101 4 0.0 0.0 0.0 0.0 0.0 0.0 0.0 0.0 0.0 0.0
101 5 0.0 0.0 0.0 0.0 0.0 0.0 0.0 0.0 0.0 0.0
101 6 0.0 0.0 0.0 0.0 0.0 0.0 0.0 0.0 0.0 0.0
101 7 0.0 0.0 0.0 0.0 0.0 0.0 0.0 0.0 0.0 0.0
101 8 0.0 0.0 0.0 0.0 0.0 0.0 0.0 0.0 0.0 0.0
101 9 0.0 0.0 0.0 0.0 0.0 0.0 0.0 0.0 0.0 0.0
101 10 0.0 0.0 0.0 0.0 0.0 0.0 0.0 0.0 0.0 0.0
101 11 0.0 0.0 0.0 0.0 0.0 0.0 0.0 0.0 0.0 0.0
101 12 0.0 0.0 0.0 0.0 0.0 0.0 0.0 0.0 0.0 0.0
